nan
nan
1.053383716260552605e+00
1.035309476981200572e+00
1.006809553500456422e+00
1.006483154348876141e+00
9.741501933025419335e-01
9.836358425958577900e-01
9.366085654068269095e-01
9.440273678628688936e-01
9.222438651560742606e-01
9.283570654489621266e-01
8.925937829996950512e-01
9.049133556857342775e-01
8.729613871246676426e-01
8.978606380653276764e-01
8.615005443801265761e-01
8.785658124403720182e-01
8.527102157579665720e-01
8.796386293416191826e-01
8.596185880735446316e-01
8.757402157589887493e-01
8.586736708757040093e-01
8.747158132044827727e-01
8.531368527258813561e-01
8.751086344556733287e-01
8.677499392662301192e-01
8.789767973283784119e-01
8.719725323739351275e-01
8.765467573109407828e-01
