0.000000000000000000e+00
0.000000000000000000e+00
1.058030047005509232e+03
4.979930113107058673e+02
2.815779275715828476e+02
1.792184044108709884e+02
1.238877615622666468e+02
9.096818025448531841e+01
6.984970843039509703e+01
5.553788680365697417e+01
4.538683732548463468e+01
3.790560862780687046e+01
3.226528162799540667e+01
2.787206354887462112e+01
2.436907858280544659e+01
2.154102795083388600e+01
1.923527851002987887e+01
1.732905564736597626e+01
1.571843688950482765e+01
1.436407151852766972e+01
1.319537025718167911e+01
1.218205533025227716e+01
1.129843663899550599e+01
1.052069704672624617e+01
9.833158559537579890e+00
9.222294438555291407e+00
8.675714239088764046e+00
8.185820104648309226e+00
7.743286141184290372e+00
7.343173887025140623e+00
6.980204495363333983e+00
6.648479873415319652e+00
6.345265907680596840e+00
6.067709017664907556e+00
5.812535942758771057e+00
5.577326893689957821e+00
5.359633226361278702e+00
5.157351416975075153e+00
4.969927363690993083e+00
4.795901666482974335e+00
4.633137188700448661e+00
4.481166332131509833e+00
4.338243817691163962e+00
4.204107239471881918e+00
4.077543102924972906e+00
3.959076363205881854e+00
3.847805300778763815e+00
3.742728525930345107e+00
3.643169872127036246e+00
3.548912030499129511e+00
3.460111880628081060e+00
3.375823227182881414e+00
3.296238947331220359e+00
3.220200719079041374e+00
3.147328296868779685e+00
3.077888090604344651e+00
3.012097216036144776e+00
2.949565666714915935e+00
2.890079912096969128e+00
2.833180148238629403e+00
2.778711932195809808e+00
2.727024970523276526e+00
2.676978490537555544e+00
2.628838239732935289e+00
2.582944719671648404e+00
2.538612655535672946e+00
2.496182436258334914e+00
2.455335622728644029e+00
2.416382679950644707e+00
2.378918224196961084e+00
2.343047527838424404e+00
2.308496826146717584e+00
2.275201628182827118e+00
2.243016371790269581e+00
2.211892401519439666e+00
2.181865728578471941e+00
2.152806931038593774e+00
2.124753090563910707e+00
2.097735647384506574e+00
2.071559435875379496e+00
2.046334754897381814e+00
2.021947690586881841e+00
1.998426415161218328e+00
1.975660020042368625e+00
1.953677318152854392e+00
1.932311655249543403e+00
1.911597588430943961e+00
1.891687493141346543e+00
1.872182707526728329e+00
1.853359764258235121e+00
1.835071371352924530e+00
1.817238367703016833e+00
1.799953457882785157e+00
1.783194578570456823e+00
1.766783989994875403e+00
1.750865136431400515e+00
1.735218328936212195e+00
1.720132184450255064e+00
1.705438696022840706e+00
1.691029763707293077e+00
1.677036442238090563e+00
1.663352649624641577e+00
1.650191049760927786e+00
1.637181173529061784e+00
1.624493102899246422e+00
1.612074245547480134e+00
1.599957904073080472e+00
1.587972689722798147e+00
1.576355965774064005e+00
1.564977357501947886e+00
1.553791976688746690e+00
1.542832867876823055e+00
1.532093161176317109e+00
1.521602364105657079e+00
1.511280926330013319e+00
1.501194511389069008e+00
1.491232195133202376e+00
1.481527017499368437e+00
1.472003536923703892e+00
1.462591125412251669e+00
1.453352252284701107e+00
1.444218730489537528e+00
1.435219979290982550e+00
1.426352835400351626e+00
1.417614233652381373e+00
1.408971569109399580e+00
1.400452529085286946e+00
1.392025576201060266e+00
1.383689305496076827e+00
1.375470164149248831e+00
1.367338106743631876e+00
1.359291871539095808e+00
1.351357006012319895e+00
1.343478959167140330e+00
1.335683741197888130e+00
1.327970373688319938e+00
1.320287781392663229e+00
1.312686546956112643e+00
1.305141326464171359e+00
1.297604189673785990e+00
1.290171757171512557e+00
1.282748711737383251e+00
1.275405903105208738e+00
1.268119575883604577e+00
1.260844886143523746e+00
1.253605556709050717e+00
1.246467507453660639e+00
1.239299996585180974e+00
1.232169734927364146e+00
1.225098125489845646e+00
1.218022992146460259e+00
1.210986999385919693e+00
1.203949995459999256e+00
1.196953054238513170e+00
1.189976470936922714e+00
1.183020834674701094e+00
1.176048581860263509e+00
1.169136934389184201e+00
1.162229185762785333e+00
1.155326476739638508e+00
1.148448009045650808e+00
1.141594139676688879e+00
1.134747522492897787e+00
1.127944026871980920e+00
1.121114291319682765e+00
1.114328602328673590e+00
1.107552873512298364e+00
1.100804531337293612e+00
1.094034417807252968e+00
1.087276905748111977e+00
1.080532658402867607e+00
1.073770565905472152e+00
1.067008008793610019e+00
1.060230565941619130e+00
1.053470460265253150e+00
1.046712995038851846e+00
1.039929217035785447e+00
1.033150999260562086e+00
1.026364920929842217e+00
1.019572642105708304e+00
1.012804404582125173e+00
1.006018281284468019e+00
9.992302241441362032e-01
9.924277756919268612e-01
9.856401524358751054e-01
9.788546275721659029e-01
9.720053381865879638e-01
9.652150899007668761e-01
9.584176123878460629e-01
9.516013957010344138e-01
9.448454436678171975e-01
9.380218370614848977e-01
9.312220622015346949e-01
9.244091984831090958e-01
9.176218589284009797e-01
9.108238134974463440e-01
9.040165590807092144e-01
8.972254668846503245e-01
8.904393543652198151e-01
8.836592083969772027e-01
8.768859750101832828e-01
8.701090494469488901e-01
8.633409435050285463e-01
8.565711224141525637e-01
8.497894598945289202e-01
8.430193801024457034e-01
8.362396232524409445e-01
8.294731048599871537e-01
8.226881834015471462e-01
8.159075902833278215e-01
8.091321330903336051e-01
8.023625877234107362e-01
7.955790273356928566e-01
7.888134659398979842e-01
7.820460087126557269e-01
7.752876439916477347e-01
7.685290401214779354e-01
7.617908046221935070e-01
7.550536873792303982e-01
7.483281953316427426e-01
7.416148551612151696e-01
7.349141717881669811e-01
7.282266291430403715e-01
7.215340034889899945e-01
7.148742799282133964e-01
7.082198493284661556e-01
7.015804592918988281e-01
6.949474782107071258e-01
6.883393904552993492e-01
6.817474514901712412e-01
6.751632140874577193e-01
6.685872278516761247e-01
6.620372905336310287e-01
6.555049080905611669e-01
6.489733823457918271e-01
6.424686561224196568e-01
6.359740727808046445e-01
6.294983536897206244e-01
6.230417208067785539e-01
6.166125217185597363e-01
6.101865451322002754e-01
6.037963937714523333e-01
5.974259749399486452e-01
5.910754599214345095e-01
5.847450103518024855e-01
5.784347785338509462e-01
5.721525891374142914e-01
5.658983908593503420e-01
5.596645701721270072e-01
5.534662449412702800e-01
5.472882949175460476e-01
5.411455926697427143e-01
5.350159478835423421e-01
5.289359702496340132e-01
5.228762636045363177e-01
5.168440898355259883e-01
5.108464807655050954e-01
5.048832057268445306e-01
4.989470498468813742e-01
4.930448758806977305e-01
4.871833310723804877e-01
4.813483770524318306e-01
4.755399420852238768e-01
4.697915627183028575e-01
4.640623718173099710e-01
4.583590699785862199e-01
4.527012968488680067e-01
4.470689649964105783e-01
4.414749473500729215e-01
4.359060259165660756e-01
4.303876390581082845e-01
4.249001491930206598e-01
4.194621987441190525e-01
4.140544427213632139e-01
4.086890619311572825e-01
4.033594309009851941e-01
3.980774234367364106e-01
3.928242605328622905e-01
3.876177995768623208e-01
3.824514845642421612e-01
3.773248708356017334e-01
3.722493000494137005e-01
3.672006966678926787e-01
3.622021131589977516e-01
3.572471184053103155e-01
3.523351797458055268e-01
3.474600865765135604e-01
3.426270878642975748e-01
3.378412817992796913e-01
3.330964817730103777e-01
3.283977258326701287e-01
3.237444152412853327e-01
3.191141396722533274e-01
3.145501108976425653e-01
3.100190246298529240e-01
3.055472639565550153e-01
3.011074053312654542e-01
2.967149413332995089e-01
2.923587544789414405e-01
2.880540338827349833e-01
2.837897163706116221e-01
2.795704290138711356e-01
2.754006734581457283e-01
2.712746933419548090e-01
2.671919106267569011e-01
2.631567576003855935e-01
2.591636087338109462e-01
2.552168506543358029e-01
2.513158468773973864e-01
2.474648439248050835e-01
2.436534497675419686e-01
2.398907730716189624e-01
2.361761258976172451e-01
2.325040827899182150e-01
2.288787877200732790e-01
2.252995855208338172e-01
2.217658317988409622e-01
2.182768927175954832e-01
2.148321447855871535e-01
2.114355469165016266e-01
2.080864102306822505e-01
2.047795416237605248e-01
2.015188461335761794e-01
1.983036674329612115e-01
1.951333598831901106e-01
1.920116935833009741e-01
1.889292061948621149e-01
1.858940669822519709e-01
1.829055916708309248e-01
1.799588081808251860e-01
1.770574052178502111e-01
1.742049778448915009e-01
1.713923644551996195e-01
1.686232067359924314e-01
1.659010549478913410e-01
1.632169303187190612e-01
1.605785498772345499e-01
1.579852487005705408e-01
1.554322992194843156e-01
1.529272285425462563e-01
1.504612801668143152e-01
1.480339016379993156e-01
1.456525068697999692e-01
1.433124663362612961e-01
1.410171185961252849e-01
1.387579907770566945e-01
1.365423506860146130e-01
1.343657000342593499e-01
1.322313252673730788e-01
1.301347918339031406e-01
1.280793606081406799e-01
1.260719908215661433e-01
1.240931802101908760e-01
1.221574764391767237e-01
1.202568127286229999e-01
1.183980720416354104e-01
1.165769625664169751e-01
1.147929364671598645e-01
1.130490862743957492e-01
1.113375982694029542e-01
1.096651938588694558e-01
1.080277284226892065e-01
1.064282489885621519e-01
1.048626678781046512e-01
1.033340097215587894e-01
1.018382425425461563e-01
1.003783686400829961e-01
9.895386640843664705e-02
9.755734825074868777e-02
9.620209476502007695e-02
9.487729692776869506e-02
9.358252032291437816e-02
9.232070111073557850e-02
9.109136449328217311e-02
8.989404314659604767e-02
8.872496689595676944e-02
8.759032091171470302e-02
8.648633160930112307e-02
8.540930232466131811e-02
8.436209336847809437e-02
8.334750289916853516e-02
8.235864748586438355e-02
8.139516521740401689e-02
8.046304680218570315e-02
7.956184244305467002e-02
7.868168719468886241e-02
7.783166437961917816e-02
7.700512671843431911e-02
7.620483843637025634e-02
7.543042878283336139e-02
7.468153261420244771e-02
7.395779029516630354e-02
7.325581794422116044e-02
7.258134135102485562e-02
7.192797266513321908e-02
7.129541878420657397e-02
7.068932864485735768e-02
7.010046652435097947e-02
6.953741461994634998e-02
6.899396016728356895e-02
6.846983214479077096e-02
6.796765741151687690e-02
6.748712246064128562e-02
6.702505026095267882e-02
6.658117758940731989e-02
6.615808365246969580e-02
6.574982201767476386e-02
6.536180431318681927e-02
6.499094440902941638e-02
6.463978170160394887e-02
6.430249567070123184e-02
6.398440289487393462e-02
6.367974412085297686e-02
6.339105938544499497e-02
6.311540576922619605e-02
6.285800654939396881e-02
6.261322178661501980e-02
6.238087374392217721e-02
6.216345226880257147e-02
6.196074687405504072e-02
6.176991060399909111e-02
6.159340386015849100e-02
6.142841051604661790e-02
6.127216679901146407e-02
6.112714058764101566e-02
6.099575302287549294e-02
6.087524759466175772e-02
6.076291861577778897e-02
6.066119429009771136e-02
6.056739701114328273e-02
6.048645361930406888e-02
6.041317240454281007e-02
6.034495212896166805e-02
6.028917391424826883e-02
6.023824948838837900e-02
6.019457288481237789e-02
6.016049420349587479e-02
6.013344343019903782e-02
6.011089697862686404e-02
6.009762586828930331e-02
6.008869301593261492e-02
6.008643374869149234e-02
6.008599011715036464e-02
6.009445613044814283e-02
6.010698697399211032e-02
6.012352770278825420e-02
6.014168310511905369e-02
6.016609274640690591e-02
6.019203228367151631e-02
6.022410114569962808e-02
6.025991791081259513e-02
6.029714267633275171e-02
6.033575471680808350e-02
6.038027218214216119e-02
6.042383647729460128e-02
6.046870727548333407e-02
6.051934452353315702e-02
6.056675069161918806e-02
6.061762626449079816e-02
6.066971319824453895e-02
6.072299344364915502e-02
6.077525778951451546e-02
6.082869910115153850e-02
6.088112737818290876e-02
6.093255347037735553e-02
6.098298810748073451e-02
6.103458661060150864e-02
6.108733196492589779e-02
6.113695449619186567e-02
6.118560931786773405e-02
6.123541510002539906e-02
6.127795730351220937e-02
6.132377895349334224e-02
6.136659134905690649e-02
6.140850353445389403e-02
6.144952495857239350e-02
6.148555366639368858e-02
6.151869750242493218e-02
6.155102935515924939e-02
6.158052770790443942e-02
6.160722625316960438e-02
6.163115826065811154e-02
6.165436141701699513e-02
6.167085367122426137e-02
6.168270493639266966e-02
6.169591165607908601e-02
6.170454000070570849e-02
6.170864510397510577e-02
6.170828143004039590e-02
6.170545068721230986e-02
6.170018222941469482e-02
6.168670881564062430e-02
6.167282663028769013e-02
6.165470729412676765e-02
6.163240175225511569e-02
6.160405933169340459e-02
6.157164609226911667e-02
6.153521105374368250e-02
6.149480265709479643e-02
6.145233946088547727e-02
6.140411992222899462e-02
6.134835806738248021e-02
6.129254140035217402e-02
6.122931093153887588e-02
6.116059321796350756e-02
6.109193779289130710e-02
6.101425215759458121e-02
6.093489658161687500e-02
6.084848066460007282e-02
6.075868850958914685e-02
6.066198308415814838e-02
6.056380247378928550e-02
6.045883830567626988e-02
6.035071523501874674e-02
6.023771227351921997e-02
6.011989157738804879e-02
5.999731450769264784e-02
5.986829881763110206e-02
5.973639664378700698e-02
5.960164684251312295e-02
5.946064215520967949e-02
5.931345995577091967e-02
5.916188624484722963e-02
5.900767993463047062e-02
5.884918001237965379e-02
5.868306058285433641e-02
5.851446503456146642e-02
5.834510431240175904e-02
5.816830835874404332e-02
5.798749601817781291e-02
5.780105947763310159e-02
5.761567621228393110e-02
5.742146344639334488e-02
5.722344492310947606e-02
5.702166834629543435e-02
5.681618073177993611e-02
5.660702841498872762e-02
5.639587259128366059e-02
5.617791166201164393e-02
5.595803656723054992e-02
5.573467547014132606e-02
5.550627967512713340e-02
5.527608097948992494e-02
5.504094348403787418e-02
5.480407430557306114e-02
5.456235965779851482e-02
5.431898227360279496e-02
5.407085026319628090e-02
5.382112226940275607e-02
5.356827382981126096e-02
5.331234269184135371e-02
5.305490111834657713e-02
5.279291363651543445e-02
5.252948298507066627e-02
5.226311327401359647e-02
5.199384262231385861e-02
5.172170861644385942e-02
5.144825001943404558e-02
5.117199093874640059e-02
5.089296751018539122e-02
5.061418670899846955e-02
5.032973045245862226e-02
5.004704074842292183e-02
4.976169506496035122e-02
4.947519209594310186e-02
4.918609035875520785e-02
4.889587740897698848e-02
4.860457063877798162e-02
4.831218717189597611e-02
4.801730478802141572e-02
4.772282329044425647e-02
4.742588585278148527e-02
4.712794757368891224e-02
4.683044330164739394e-02
4.653195961851862988e-02
4.623251189225896507e-02
4.593351959940344259e-02
4.563218408675684401e-02
4.533132390156983937e-02
4.503093905227820853e-02
4.473102946909722488e-02
4.442745410772871995e-02
4.412575761370498423e-02
4.382455447926589948e-02
4.352384417856565435e-02
4.322362610905320507e-02
4.292254272668232645e-02
4.262331161948654246e-02
4.232322279278318694e-02
4.202363213033227102e-02
4.172453857460269727e-02
4.142727501364382170e-02
4.113049721620485460e-02
4.083420396367674898e-02
4.053707336856602478e-02
4.024174967664681524e-02
3.994952989931327414e-02
3.965777146483644156e-02
3.937038191076616678e-02
3.908212598904860224e-02
3.879430958950415287e-02
3.850822128191909444e-02
3.822384701786475658e-02
3.793989138693037305e-02
3.766018502747221081e-02
3.738086964632091752e-02
3.710448185399724264e-02
3.682593673833393227e-02
3.655282127358563254e-02
3.628257180748423183e-02
3.601265802257195420e-02
3.574557527915576266e-02
3.548129808164135479e-02
3.521732100568986112e-02
3.495735123213448287e-02
3.469888766724103096e-02
3.444314555285719892e-02
3.419132432152319906e-02
3.394094751202000187e-02
3.369200278839677015e-02
3.344811463397965451e-02
3.320440245595228379e-02
3.296447941625733902e-02
3.272831053428178899e-02
3.249346763784889680e-02
3.226113228954159001e-02
3.203247094476964485e-02
3.180744979079694335e-02
3.158485377400736122e-02
3.136583883277285073e-02
3.114802392459404407e-02
3.093373957625039639e-02
3.072412017809298887e-02
3.051563374137746323e-02
3.031174868972097078e-02
3.011126706648332985e-02
2.991185380668575505e-02
2.971694532219830084e-02
2.952535559804475573e-02
2.933705464146203409e-02
2.915201279003396331e-02
2.897020070973620881e-02
2.879045874784777470e-02
2.861502302164285402e-02
2.844385463459673039e-02
2.827467478686575622e-02
2.810858288386425957e-02
2.794777801138756401e-02
2.778777319957658268e-02
2.763298785327931648e-02
2.748116906871857570e-02
2.733229053996383273e-02
2.718632545308170140e-02
2.704543290147688045e-02
2.690629775835022552e-02
2.676999021366735509e-02
2.663865037003671984e-02
2.651007370752369099e-02
2.638315875374274561e-02
2.626218289840429390e-02
2.614388275166076858e-02
2.602823413245386117e-02
2.591627653990825897e-02
2.580691651390665600e-02
2.570118773545805591e-02
2.559800376029814500e-02
2.549839249466381852e-02
2.540232197681955781e-02
2.530767176687061248e-02
2.521859443236705578e-02
2.513088755977809299e-02
2.504764433421606540e-02
2.496572906811798248e-02
2.488821696754779308e-02
2.481301726554353132e-02
2.474113249304037490e-02
2.467151362327094435e-02
2.460515765999906485e-02
2.454203600794197665e-02
2.448110951336088248e-02
2.442437489477495768e-02
2.436978568504805098e-02
2.431732333712923258e-02
2.426896766555713264e-02
2.422169461271025254e-02
2.417648833828265828e-02
2.413432158141440298e-02
2.409615578712096320e-02
2.405900278820203783e-02
2.402481781907279609e-02
2.399259678123482828e-02
2.396329935868235159e-02
2.393592764822789765e-02
2.391143618585505476e-02
2.388786553971056562e-02
2.386810326681117547e-02
2.385019323314061315e-02
2.383412044809722630e-02
2.381987013512100113e-02
2.380742773067700407e-02
2.379773004881599249e-02
2.378980604896027348e-02
2.378364027071877551e-02
2.377921716653074238e-02
2.377652141559077892e-02
2.377460019042938397e-02
2.377531673266145007e-02
2.377678355613553271e-02
2.378178353609505108e-02
2.378657795192101049e-02
2.379394221469157203e-02
2.380201073448744847e-02
2.381169707129524027e-02
2.382390462104178042e-02
2.383495543909855754e-02
2.384850632230057707e-02
2.386362758017876798e-02
2.387939990493662124e-02
2.389581836647104024e-02
2.391377974641122756e-02
2.393147365913690996e-02
2.395248943012114051e-02
2.397232964947821482e-02
2.399367981153798998e-02
2.401563910245696834e-02
2.403820340750408360e-02
2.406225300864521521e-02
2.408601293876721713e-02
2.411036609581308776e-02
2.413530871822300652e-02
2.415996247890758730e-02
2.418694770885319173e-02
2.421276706450456451e-02
2.424003385132997637e-02
2.426700727463786122e-02
2.429455385134408202e-02
2.432094937928029263e-02
2.434877897374793446e-02
2.437546503426111025e-02
2.440272525373026954e-02
2.442970529042844813e-02
2.445725780482022396e-02
2.448453310476398845e-02
2.451153497423840324e-02
2.453910924662215665e-02
2.456557330598044958e-02
2.459093767358165247e-02
2.461604811703059503e-02
2.464174141340920096e-02
2.466718371318359776e-02
2.469155005473089304e-02
2.471567714968185558e-02
2.473956853981728460e-02
2.476240566849437566e-02
2.478419855964315160e-02
2.480659260382713296e-02
2.482632249453340517e-02
2.484747803931864826e-02
2.486599338519211028e-02
2.488512760715914929e-02
2.490245658091861866e-02
2.491880116290862840e-02
2.493577642525863017e-02
2.495017653159892212e-02
2.496441921633852853e-02
2.497691456128156920e-02
2.498926690991510116e-02
2.499989454941829378e-02
2.500960309390346317e-02
2.501840159684530496e-02
2.502551285473216328e-02
2.503173604829504045e-02
2.503629787978630186e-02
2.503999327238272052e-02
2.504205280162464034e-02
2.504404324772004434e-02
2.504287077420961488e-02
2.504087803534545825e-02
2.503961357430063706e-02
2.503446494792704521e-02
2.502852866658690500e-02
2.502181278071863996e-02
2.501280074393789216e-02
2.500303275631693758e-02
2.499175821656811694e-02
2.497823416419344203e-02
2.496398878653651593e-02
2.494752433311160644e-02
2.492961034736291409e-02
2.491025979667113241e-02
2.489023243165700353e-02
2.486804525629728382e-02
2.484445965647813503e-02
2.481874680991245571e-02
2.479092463089232687e-02
2.476174840996856960e-02
2.473270155926847805e-02
2.470011561180611784e-02
2.466621494237188766e-02
2.463101113720352064e-02
2.459451564620799072e-02
2.455601340390425186e-02
2.451479712755507204e-02
2.447378141584819963e-02
2.443008277094113612e-02
2.438588172024340819e-02
2.433903175534416624e-02
2.429027074440764239e-02
2.423961522657669745e-02
2.418850607419275461e-02
2.413481740227334596e-02
2.407927923285002256e-02
2.402261438970357960e-02
2.396412801778720000e-02
2.390524266714340318e-02
2.384385782096045889e-02
2.377999377370156042e-02
2.371506737858006253e-02
2.364978494649167332e-02
2.358206591828157159e-02
2.351331640270171164e-02
2.344216238843753117e-02
2.337000286644826466e-02
2.329615847904261544e-02
2.321995641068769212e-02
2.314346999888031164e-02
2.306465293712820289e-02
2.298420507582811176e-02
2.290349945731960657e-02
2.282050421841166563e-02
2.273659047707670203e-02
2.265109094190537534e-02
2.256401813478653429e-02
2.247605625939051027e-02
2.238587226283839798e-02
2.229548890801216765e-02
2.220224044837720498e-02
2.210880997850766042e-02
2.201387193694472055e-02
2.191677559895280000e-02
2.181951915671023756e-02
2.172078620283945591e-02
2.162058788374232945e-02
2.151959121004790726e-02
2.141649351527269776e-02
2.131326890158501478e-02
2.120926738491313648e-02
2.110449488381299990e-02
2.099830893389018766e-02
2.089007307940303829e-02
2.078238303879622467e-02
2.067266042036645587e-02
2.056220471845329051e-02
2.045102191685306200e-02
2.033847868787307459e-02
2.022458530741828159e-02
2.011126063239186690e-02
1.999596233488819957e-02
1.987997134901840421e-02
1.976329307127297139e-02
1.964656314186838046e-02
1.952852464745903627e-02
1.940981451751784201e-02
1.929043779187529159e-02
1.917039942284320259e-02
1.904845813187286407e-02
1.892897876504841606e-02
1.880698288246846622e-02
1.868496308433641867e-02
1.856230227605093833e-02
1.843900491455690432e-02
1.831568989674198580e-02
1.819174417796380616e-02
1.806717198557220710e-02
1.794258778061040907e-02
1.781738253249636611e-02
1.769156024765002055e-02
1.756694329799994916e-02
1.744049928588856796e-02
1.731465385640723609e-02
1.718880049023715703e-02
1.706233811352570948e-02
1.693586964890282306e-02
1.680999252726712162e-02
1.668291237129436791e-02
1.655582717549753530e-02
1.642933020415356798e-02
1.630223164295284063e-02
1.617630849372421117e-02
1.604860253405195405e-02
1.592206783513242310e-02
1.579610841220802087e-02
1.567013356856362255e-02
1.554355785273773757e-02
1.541813432204551353e-02
1.529210821519612351e-02
1.516664400993242290e-02
1.504115749340734394e-02
1.491680405193083515e-02
1.479242134170186303e-02
1.466800845988102363e-02
1.454471314421064074e-02
1.442138100647182009e-02
1.429743965051140549e-02
1.417574472303760776e-02
1.405343425088291520e-02
1.393164735439508979e-02
1.381094638323957131e-02
1.369132323539002175e-02
1.357164136965993348e-02
1.345190021527105199e-02
1.333322274477235711e-02
1.321504046922521158e-02
1.309567123218131901e-02
1.297958657762584601e-02
1.286286592946372757e-02
1.274773510668398765e-02
1.263251941314197033e-02
1.251887815677419670e-02
1.240569603405536001e-02
1.229296909178752631e-02
1.218179270060459375e-02
1.207051047282399828e-02
1.196021667981217278e-02
1.185090397474562914e-02
1.174310997456501707e-02
1.163519274320107960e-02
1.152877982583828953e-02
1.142331921504783319e-02
1.131826364433285818e-02
1.121468773990299227e-02
1.111150528736010515e-02
1.100978639372367403e-02
1.090898519876185718e-02
1.080909496696485367e-02
1.071010902449025769e-02
1.061255293707155829e-02
1.051535466392664042e-02
1.041957094477642155e-02
1.032519197052585332e-02
1.023115269415339479e-02
1.013850327613788523e-02
1.004670871263025310e-02
9.956811467468077576e-03
9.867752386102631237e-03
9.779525457060933222e-03
9.692645723353933776e-03
9.606584108123608634e-03
9.520816000801729864e-03
9.437409747968203769e-03
9.354800004354943410e-03
9.273496602496770352e-03
9.193490281974461484e-03
9.114258405167240118e-03
9.036307315104472396e-03
8.959116689616497195e-03
8.883190880364134900e-03
8.809030048608003718e-03
8.735098084634062079e-03
8.663420480790627598e-03
8.592464493279746221e-03
8.522224719963252329e-03
8.453703459414260019e-03
8.386386411188457429e-03
8.320265281228492182e-03
8.254831178258136351e-03
8.191078404352606160e-03
8.127998592126480654e-03
8.066084493551303400e-03
8.005824829692306105e-03
7.946713236768827848e-03
7.888247540692642709e-03
7.830916739096574139e-03
7.774713356088459870e-03
7.720121491086718961e-03
7.666640354864203734e-03
7.614262756792147292e-03
7.562981597845585408e-03
7.512302397210923223e-03
7.463680657708733276e-03
7.415647134005085711e-03
7.368682563653311188e-03
7.322780300922952443e-03
7.278416318669403591e-03
7.234618111112730947e-03
7.192343383545219369e-03
7.150623724921772832e-03
7.109934479698517065e-03
7.070747189083999816e-03
7.032576229340663232e-03
6.995415660013472314e-03
6.959259624146851148e-03
6.924102347355710722e-03
6.889465272470194843e-03
6.856289466567378268e-03
6.824566545589483106e-03
6.793348178091477597e-03
6.763100901279924144e-03
6.733819414752590174e-03
6.705498493272446167e-03
6.678132985618372326e-03
6.651717739347595866e-03
6.625782966415269190e-03
6.601253040059900344e-03
6.577657316850855224e-03
6.555452210111332653e-03
6.533708351518378692e-03
6.512423399600212118e-03
6.490677259327692385e-03
6.471221107308472963e-03
6.452670601878731510e-03
6.434564723596668950e-03
6.417356686941422077e-03
6.401041774927057962e-03
6.385615331934746050e-03
6.370167566952773287e-03
6.356054407726646586e-03
6.342817878125806171e-03
6.330003614414905951e-03
6.317609891475502865e-03
6.306531371454476322e-03
6.295866552816671569e-03
6.285613843384291882e-03
6.276217238771103317e-03
6.267227932315396106e-03
6.258644450107877892e-03
6.252237152621721583e-03
6.244899679338766600e-03
6.237962110438820089e-03
6.231863489555332716e-03
6.226160440880195747e-03
6.219974377102394959e-03
6.215498253312537469e-03
6.210975361611977864e-03
6.207715456790931403e-03
6.204406505151017354e-03
6.201484381524978440e-03
6.198948019929111444e-03
6.197229154941211182e-03
6.195892340065401772e-03
6.194074379766761375e-03
6.193500420483502404e-03
6.192876202038057228e-03
6.192631929944938420e-03
6.193194538844457725e-03
6.193279729649986583e-03
6.194170113387159615e-03
6.195437065958279456e-03
6.196230686718171531e-03
6.197826304634133053e-03
6.199374857799605336e-03
6.201300137651981695e-03
6.203601299334009396e-03
6.205436420071396876e-03
6.207648928483680204e-03
6.209819051916870211e-03
6.212366507287456381e-03
6.215290490872431295e-03
6.219006785903931356e-03
6.222264898969768337e-03
6.225483778600446674e-03
6.228665010632619334e-03
6.232223619825336298e-03
6.234920859489350049e-03
6.238410518974561031e-03
6.241867289049609670e-03
6.244882390779606801e-03
6.248688422693213403e-03
6.252055895846988891e-03
6.255396696689043134e-03
6.259119639620011090e-03
6.262004384654488651e-03
6.265274291818613041e-03
6.268928577063262626e-03
6.271753677368777091e-03
6.274966087472658334e-03
6.277759477608128337e-03
6.280941533770591050e-03
6.283307620826334046e-03
6.285664626368944394e-03
6.288413682838189279e-03
6.290356774934022753e-03
6.292296249054552329e-03
6.294233383527650383e-03
6.296169433143832331e-03
6.297709521355414862e-03
6.299252418716132923e-03
6.300404648067064323e-03
6.301169532291346111e-03
6.301943559865536698e-03
6.302335331026111959e-03
6.302739822748196739e-03
6.303158057735517433e-03
6.302810365752961608e-03
6.301701991108348000e-03
6.301393760758289449e-03
6.300329508484574237e-03
6.298901838643814963e-03
6.297500482833333357e-03
6.295740151038906399e-03
6.293623712269839389e-03
6.291154044484767623e-03
6.289102153942264725e-03
6.285933748078903135e-03
6.282803789150166220e-03
6.278949349334543746e-03
6.275137847920692936e-03
6.270989566544492994e-03
6.266507341240016432e-03
6.261314810381043983e-03
6.256173720641239680e-03
6.250329150260776692e-03
6.244917146574767083e-03
6.238430523797631674e-03
6.231627449105497582e-03
6.224885551793843570e-03
6.217830901334907463e-03
6.210092216754052596e-03
6.202047005986093160e-03
6.194070061214310835e-03
6.185418232991918980e-03
6.176466899828608574e-03
6.167218321866948377e-03
6.157304954283769789e-03
6.147469166017619814e-03
6.136974221769554878e-03
6.126191983710379228e-03
6.115124509394362189e-03
6.103773817132336459e-03
6.092141886038470594e-03
6.079500255356307115e-03
6.067312917802433064e-03
6.054486128913097627e-03
6.041023636811781658e-03
6.027654399708573876e-03
6.013654254276743980e-03
5.999388165750112016e-03
5.984857790623516853e-03
5.970064746462008277e-03
5.955010611931070216e-03
5.939338102618032730e-03
5.923408800556789061e-03
5.907224163034331677e-03
5.890785608678442663e-03
5.873381876675198149e-03
5.856440834055370859e-03
5.838894817879881731e-03
5.821101408772380928e-03
5.802707986140664617e-03
5.784424035252875088e-03
5.765543629484245688e-03
5.746773762217672818e-03
5.727059719017542176e-03
5.707809582050779422e-03
5.687970436426836168e-03
5.667894892723396652e-03
5.647235168762398602e-03
5.626342579303843933e-03
5.605565988484953466e-03
5.584557504080724620e-03
5.562625036749788837e-03
5.541157032179776752e-03
5.519114763739618734e-03
5.496845722265784710e-03
5.474694988427366432e-03
5.451974461435377811e-03
5.428686742086124596e-03
5.405861649275662401e-03
5.382470929871276642e-03
5.359199577633219289e-03
5.335705885732415846e-03
5.311650453124515565e-03
5.287714686428686243e-03
5.263558548441233179e-03
5.239182642254821588e-03
5.214587545499941787e-03
5.189436610442957863e-03
5.164741968235257198e-03
5.139492522791007378e-03
5.114696933624215437e-03
5.089347495792628448e-03
5.064115064947900466e-03
5.038330796176960016e-03
5.012663239123660644e-03
4.986778433486251105e-03
4.961008854211095345e-03
4.935021639626311490e-03
4.909148117933222547e-03
4.883056523180833060e-03
4.856747174739597592e-03
4.830549694241710081e-03
4.804133951581934271e-03
4.777828442280552049e-03
4.751304124298661238e-03
4.724888374980947339e-03
4.698579804749253817e-03
4.671724977588167030e-03
4.645302198393729855e-03
4.618658565231336006e-03
4.592118695578818570e-03
4.565357331360295895e-03
4.539021327255011139e-03
4.512139405849401042e-03
4.485680189932373350e-03
4.458997340453567382e-03
4.432412311872372702e-03
4.405923783343683280e-03
4.379850544879378832e-03
4.353550531722767680e-03
4.327024017988219048e-03
4.300908321582963371e-03
4.274564555640965324e-03
4.248627937117254068e-03
4.222461689081513474e-03
4.196698939377881479e-03
4.171020921344603151e-03
4.145426347781161307e-03
4.119284192358101636e-03
4.093853701134146129e-03
4.068188983572402703e-03
4.042916970847709214e-03
4.017722050752324699e-03
3.992602974032421169e-03
3.967558499176118345e-03
3.942587392844787084e-03
3.917999205033451289e-03
3.893480932245617886e-03
3.869341134901175833e-03
3.844958590807573320e-03
3.820951142040196827e-03
3.796391349924247652e-03
3.772512076399964914e-03
3.748694665749870494e-03
3.725551499812273289e-03
3.702159699767912891e-03
3.680048476155323503e-03
3.657379189436938023e-03
3.634763293703182057e-03
3.612504023109678556e-03
3.590295076154250732e-03
3.568135437352307638e-03
3.546629739856930422e-03
3.524867092046424406e-03
3.503451680389725771e-03
3.482381107577264042e-03
3.461653001855359915e-03
3.440964625885814011e-03
3.420315104501081126e-03
3.400003012342101699e-03
3.380026077145621005e-03
3.360382054241224225e-03
3.340770702888452154e-03
3.321786163387486883e-03
3.302533545004982841e-03
3.283606537142022379e-03
3.265002867158860265e-03
3.247015922027655412e-03
3.229051761744543888e-03
3.211109615482597799e-03
3.193482959194300901e-03
3.176169670704065591e-03
3.159167658998830383e-03
3.142474864294724900e-03
3.126089258077201401e-03
3.109716942747542574e-03
3.093940214218704292e-03
3.078173795984714793e-03
3.062707681595398627e-03
3.047569001570428655e-03
3.032755774151324035e-03
3.018121474167558861e-03
3.003809212295213173e-03
2.989701802571031759e-03
2.975797929692957679e-03
2.962211241687683939e-03
2.948882561619479113e-03
2.935781746162378567e-03
2.922964657068020337e-03
2.910401163518724996e-03
2.898118361407366582e-03
2.886114731524647235e-03
2.874360362366940990e-03
2.862882300627422449e-03
2.851650779011771601e-03
2.840692810441081129e-03
2.829950526170596590e-03
2.819479236553929392e-03
2.809277614263379960e-03
2.799344358450784297e-03
2.789650125306264786e-03
2.780193796594173684e-03
2.771002261470132278e-03
2.762046382754856227e-03
2.753325117043058014e-03
2.744893150815664630e-03
2.736665801968811342e-03
2.728669995694005517e-03
2.720932509182793276e-03
2.713424609578505165e-03
2.706117758313126773e-03
2.699093995330326037e-03
2.692297076503514207e-03
2.685698520009568643e-03
2.679324947348958683e-03
2.673175407225527895e-03
2.667248971740277756e-03
2.661490049321344614e-03
2.656007215880941755e-03
2.650717582158723488e-03
2.645593218913307090e-03
2.640715092276973465e-03
2.636000880422858638e-03
2.631585532746119876e-03
2.627278561405375131e-03
2.623187782532651439e-03
2.619258551489811460e-03
2.615544291593065260e-03
2.612017453334944134e-03
2.608623823638524155e-03
2.605416764754825594e-03
2.602369033286231620e-03
2.599480294205331037e-03
2.596776917680541225e-03
2.594231840666177090e-03
2.591844785679510866e-03
2.589588928586427675e-03
2.587517199071786081e-03
2.585523313406072957e-03
2.583739651757675001e-03
2.582060164360848453e-03
2.580511283681365901e-03
2.579119299189432286e-03
2.577805210607537773e-03
2.576647990564346312e-03
2.575595112991826800e-03
2.574646718058698752e-03
2.573829088777048347e-03
2.573116183306226393e-03
2.572482128366086491e-03
2.571979256203373466e-03
2.571555703324017624e-03
2.571211797561185827e-03
2.570947876250909148e-03
2.570790143798750566e-03
2.570713019854931145e-03
2.570665304560100853e-03
2.570724826668055983e-03
2.570866142929344351e-03
2.571038302423750421e-03
2.571318807441070990e-03
2.571605573633944410e-03
2.571975987019940822e-03
2.572353849903400574e-03
2.572816274567123283e-03
2.573287284608670889e-03
2.573843770306171851e-03
2.574435348815917041e-03
2.575037265146659041e-03
2.575624913385243190e-03
2.576249594536120062e-03
2.576836231038714085e-03
2.577511619528430071e-03
2.578125252686659478e-03
2.578778557625760123e-03
2.579346753333760980e-03
2.580206422027350385e-03
2.580807127842616334e-03
2.581400321990016868e-03
2.582235987152905424e-03
2.582816076977294262e-03
2.583390927353734247e-03
2.583961283502492819e-03
2.584527884203671310e-03
2.585091461532337820e-03
2.585652740608630762e-03
2.586212439362166934e-03
2.586771268310017729e-03
2.587329930347414316e-03
2.587889120550340011e-03
2.588204264766631128e-03
2.588522013494008647e-03
2.588843034957496927e-03
2.588679592976865073e-03
2.589009836206818387e-03
2.588858317825359651e-03
2.588714062491560310e-03
2.588577689895709463e-03
2.588207369389755683e-03
2.588331025542679222e-03
2.587980182909634629e-03
2.587398907459124205e-03
2.587070908389433460e-03
2.586514299000317388e-03
2.585971023411664810e-03
2.585201606192225835e-03
2.584447275882446795e-03
2.583708547372631694e-03
2.582746941048489481e-03
2.581563975398088080e-03
2.580399454934205472e-03
2.579253846790758708e-03
2.577890002841573113e-03
2.576546754973488545e-03
2.574987694288364149e-03
2.573214356269490789e-03
2.571700801637946242e-03
2.569738710941908439e-03
2.567566178051019100e-03
2.565890468704240274e-03
2.563535370566057906e-03
2.561442716954838092e-03
2.559143397749859793e-03
2.556638815851270188e-03
2.553696751388457361e-03
2.551019382579962792e-03
2.548140187955969752e-03
2.545293112834661441e-03
2.542013907800861477e-03
2.538768768322137090e-03
2.535326351628105178e-03
2.531919218348585836e-03
2.528316643263721873e-03
2.524750498763887047e-03
2.520760340119656325e-03
2.517038344129053033e-03
2.512894665137282817e-03
2.508560771221246544e-03
2.504495865143666154e-03
2.500012943986024572e-03
2.495342447147447327e-03
2.490713511996138062e-03
2.485898447808488048e-03
2.480898266720925772e-03
2.476168222198294432e-03
2.471026940588194436e-03
2.465702821000533788e-03
2.460422976530576757e-03
2.454735633985785301e-03
2.449093734773774653e-03
2.443271964011727547e-03
2.437496098805883547e-03
2.431541413401871500e-03
2.425408716647496979e-03
2.419098797109162265e-03
2.412836108431759032e-03
2.406173719456339288e-03
2.399782488370979551e-03
2.392770240223547444e-03
2.386029319775340770e-03
2.379114268025381285e-03
2.372025741360581259e-03
2.364985928096809912e-03
2.357552164488406141e-03
2.350167918695421614e-03
2.342832967619755576e-03
2.335326757170665558e-03
2.327649943699712336e-03
2.319583453659178427e-03
2.311787047434365073e-03
2.303821303601390723e-03
2.295686813512763137e-03
2.287602664289688920e-03
2.279350306676768915e-03
2.270712372248455835e-03
2.262343137051967424e-03
2.253589373365380132e-03
2.245103546961026847e-03
2.236234186738667203e-03
2.227415523233799120e-03
2.218647136228435023e-03
2.209281060616023491e-03
2.200397256056238482e-03
2.191347735593398433e-03
2.182132916906946024e-03
2.172538529987869897e-03
2.163208995520632307e-03
2.153714763312671466e-03
2.144270010784978583e-03
2.134660716554803803e-03
2.125100460170691909e-03
2.115375780463496849e-03
2.105508275710086998e-03
2.095710547691208119e-03
2.085791093994916051e-03
2.075898303440794259e-03
2.065883646388195268e-03
2.055810606942730379e-03
2.045679037973041712e-03
2.035551981823309313e-03
2.025302797998801679e-03
2.015036617751112414e-03
2.004732115238111543e-03
1.994409976691421688e-03
1.984027995394544320e-03
1.973606873297938883e-03
1.963167194321538932e-03
1.952687743056453215e-03
1.942168223313140525e-03
1.931649904310937457e-03
1.921090797485165442e-03
1.910511321279880674e-03
1.899911083815544136e-03
1.889289718422639897e-03
1.878667508879204931e-03
1.868023385106276852e-03
1.857356975509239037e-03
1.846688470008570017e-03
1.836017407944045849e-03
1.825343325714504300e-03
1.814645273433800271e-03
1.803984233128738549e-03
1.793277853691561475e-03
1.782587031713867834e-03
1.771890836242343524e-03
1.761229488568325559e-03
1.750622672438108089e-03
1.739968194743725426e-03
1.729346811318092664e-03
1.718737642716316929e-03
1.708140131676569307e-03
1.697594098290041223e-03
1.687038342736360205e-03
1.676492526086617542e-03
1.665996314009370906e-03
1.655508833338610120e-03
1.645049592994021282e-03
1.634637999558797693e-03
1.624253350769794485e-03
1.613895030552692494e-03
1.603582378261485817e-03
1.593314708016835019e-03
1.583071439597447116e-03
1.572891722005079077e-03
1.562735112455895933e-03
1.552640667621180874e-03
1.542587856258305140e-03
1.532576026984769791e-03
1.522644023828197309e-03
1.512771336641583310e-03
1.502858793453636490e-03
1.493063418688001139e-03
1.483325365353992250e-03
1.473643950793315999e-03
1.463998909833255603e-03
1.454428784798977121e-03
1.444932843370654463e-03
1.435471332383847455e-03
1.426082669910944600e-03
1.416785617180435063e-03
1.407540525929862471e-03
1.398385617340855988e-03
1.389261965790125099e-03
1.380246473720361453e-03
1.371280268418501513e-03
1.362401361278683031e-03
1.353570415783666081e-03
1.344844631116033553e-03
1.336184718083820297e-03
1.327609244159273305e-03
1.319136689523292029e-03
1.310727947826123823e-03
1.302344120940459237e-03
1.294042105793024536e-03
1.285840330548555224e-03
1.277738068734791347e-03
1.269734605831564179e-03
1.261791199184053754e-03
1.253907303728681814e-03
1.246120328915964427e-03
1.238448554819542805e-03
1.230853407092103585e-03
1.223353213760924917e-03
1.215909592795819420e-03
1.208559770635510592e-03
1.201340793476657169e-03
1.194176707998875374e-03
1.187104631817727284e-03
1.180123991898599650e-03
1.173234226912131658e-03
1.166453495452544897e-03
1.159725134793279525e-03
1.153086082346771110e-03
1.146573097983582526e-03
1.140111081822724019e-03
1.133774044766952234e-03
1.127487098313942424e-03
1.121324088554602385e-03
1.115247377917300518e-03
1.109275017912304297e-03
1.103369557722104271e-03
1.097549095152825253e-03
1.091850073695913199e-03
1.086216742982111256e-03
1.080685546518215731e-03
1.075219322978588406e-03
1.069872781308900097e-03
1.064627118319451523e-03
1.059445345416294530e-03
1.054363733282724256e-03
1.049363651138193916e-03
1.044463012062453932e-03
1.039643241633312135e-03
1.034885818669878561e-03
1.030263074041939475e-03
1.025701949772761263e-03
1.021238404812218085e-03
1.016853975127882592e-03
1.012548360649056026e-03
1.008321272804191520e-03
1.004208469115534319e-03
1.000173559712985195e-03
9.961983177784511281e-04
9.923364182527433328e-04
9.885157833363735543e-04
9.848079492263625296e-04
9.811768055694408512e-04
9.776042919366358629e-04
9.741259655768215713e-04
9.707237652917675074e-04
9.673619330905424644e-04
9.641293118329516973e-04
9.609545510524600395e-04
9.578553098551070366e-04
9.548137537878439865e-04
9.518652036724854337e-04
9.489918224478246286e-04
9.461758694872924409e-04
9.434173209939197011e-04
9.407337612307858921e-04
9.381251188227094241e-04
9.355913309218167988e-04
9.330797389163217543e-04
9.306780557149839459e-04
9.283336384190406590e-04
9.260814609102726615e-04
9.238516392185208356e-04
9.216966318152516532e-04
9.195990223273384397e-04
9.175414860255966297e-04
9.155762451404017696e-04
9.136512167407145934e-04
9.117665426721798146e-04
9.099569712608619526e-04
9.081879692001624789e-04
9.064596936052351801e-04
9.047895437181409590e-04
9.031604060450382698e-04
9.016068422587039709e-04
9.000945514061190530e-04
8.986237113347722051e-04
8.971945032965521422e-04
8.958071068738575121e-04
8.944787770999147822e-04
8.931754708027536205e-04
8.919144644788754451e-04
8.907129545491169337e-04
8.895370292945647440e-04
8.883699324053218613e-04
8.872798333219713640e-04
8.862159399180525535e-04
8.851615621495178849e-04
8.841677214758999039e-04
8.831838750415460081e-04
8.822440577516240312e-04
8.813147577700225239e-04
8.804299302381283446e-04
8.795729513981092890e-04
8.787272786820536077e-04
8.779267471061911587e-04
8.771380487489085186e-04
8.763614872480754176e-04
8.756307768935521658e-04
8.749127296168191523e-04
8.741909822680082008e-04
8.735158333787797777e-04
8.728209612562847029e-04
8.721732089936447231e-04
8.715395842589662451e-04
8.708872520463652091e-04
8.702662675203467688e-04
8.696603396100927247e-04
8.690697619551211598e-04
8.684618510189611980e-04
8.678864191612564900e-04
8.673107986524531332e-04
8.667517634962879167e-04
8.661931881474065282e-04
8.656190225914814004e-04
8.650787751051983686e-04
8.645072585120767983e-04
8.639375852059561281e-04
8.633863969481615731e-04
8.628376682450516122e-04
8.622754474786149467e-04
8.617001114983156461e-04
8.611445051997550703e-04
8.605764493613740065e-04
8.599801115687515140e-04
8.594044458734236046e-04
8.588173754495850507e-04
8.582192524725877755e-04
8.575943071892005521e-04
8.569912689351294639e-04
8.563621366447193546e-04
8.557233903774087496e-04
8.550753831189152358e-04
8.544024349601049171e-04
8.537369608124767938e-04
8.530472604989060900e-04
8.523496907987702584e-04
8.516286226009448651e-04
8.508844287542163690e-04
8.501493057533135314e-04
8.493758117495521032e-04
8.485802330284336094e-04
8.477629150551312283e-04
8.469558782811052169e-04
8.461118751870912863e-04
8.452312848569035805e-04
8.443460504188314867e-04
8.434564255012922101e-04
8.425311579275471122e-04
8.416020579124052284e-04
8.406379311029747595e-04
8.396391101669998603e-04
8.386215960011142445e-04
8.375856507222921967e-04
8.365315285510624595e-04
8.354438539065015554e-04
8.343541270075989242e-04
8.332001809382330159e-04
8.320446714240664014e-04
8.308566592551382612e-04
8.296519367096367656e-04
8.284151884198936088e-04
8.271466588183683070e-04
8.258620626590020258e-04
8.245461146023997301e-04
8.231990354489737705e-04
8.218518880773314703e-04
8.204431425695592585e-04
8.190500504931700699e-04
8.175957835832694046e-04
8.161266931030608648e-04
8.146275647595919078e-04
8.130985664266198549e-04
8.115398586969910190e-04
8.099668789957180804e-04
8.083491880615734570e-04
8.067022266778567851e-04
8.050261271389158504e-04
8.033210219311002348e-04
8.016022618737364547e-04
7.998547694193174464e-04
7.980786918847700964e-04
7.962741698390648224e-04
7.944564649835424716e-04
7.925954317855875330e-04
7.906912426317076357e-04
7.887892920541824055e-04
7.868444076834062162e-04
7.848717844628931095e-04
7.828715176269733815e-04
7.808587041181365689e-04
7.788333757199125814e-04
7.767506363475955907e-04
7.746555294729952487e-04
7.725331287365796084e-04
7.703834927011104063e-04
7.682215802897840277e-04
7.660176086113224935e-04
7.638014142931966871e-04
7.615729818390296404e-04
7.592877725343387830e-04
7.570051998743982215e-04
7.546955695536354796e-04
7.523736824727486443e-04
7.499951773982428422e-04
7.476191778942851713e-04
7.452161005835067353e-04
7.428006574171660105e-04
7.403727824809548056e-04
7.378883353806773519e-04
7.354060807245969009e-04
7.329258871217541422e-04
7.304036969932547986e-04
7.278687644307281403e-04
7.253209919825709569e-04
7.227602772089741171e-04
7.201719377506002892e-04
7.175559102615408765e-04
7.149412114707869243e-04
7.123131447438847469e-04
7.096425637841974072e-04
7.069874106285204025e-04
7.043184978642016893e-04
7.015778398267789699e-04
6.988954965008953519e-04
6.961700731080705659e-04
6.934303420518367041e-04
6.906905462716741518e-04
6.879504845572919670e-04
6.852099714184172689e-04
6.824401237696380712e-04
6.796408501798970958e-04
6.768406917809219932e-04
6.740537580147878526e-04
6.712369479475148318e-04
6.684186999369325739e-04
6.655988146052842615e-04
6.627770906890354105e-04
6.599248789366108769e-04
6.570846913703440578e-04
6.542420832438483125e-04
6.513826713753712505e-04
6.485346156880430644e-04
6.456835156230194108e-04
6.428150324215719689e-04
6.399431167558104457e-04
6.370393618209671191e-04
6.341740646391276449e-04
6.313187410224368416e-04
6.284450309581023379e-04
6.256229541874258442e-04
6.227539690575462084e-04
6.198940292704324976e-04
6.170288911554885295e-04
6.141862989472804141e-04
6.113240762254112948e-04
6.084699543995098804e-04
6.056236853906832394e-04
6.027850227189260205e-04
5.999398225802785945e-04
5.971156551949045746e-04
5.942983652551619934e-04
5.914738599976598031e-04
5.886557861207019487e-04
5.858577320537188167e-04
5.830656113635245994e-04
5.802654000370048798e-04
5.774982501240911092e-04
5.747363188543189866e-04
5.719793827475978506e-04
5.692272207513165896e-04
5.664933330416840190e-04
5.638048667429041176e-04
5.610793404597068943e-04
5.583850480574421415e-04
5.556943735592500709e-04
5.530207560964591927e-04
5.503639485315058380e-04
5.476828575444315887e-04
5.450725610391261421e-04
5.424375232931700781e-04
5.398319055974597084e-04
5.372418549105599213e-04
5.346806637519439754e-04
5.321209871826697779e-04
5.295761385113856561e-04
5.270593759347754663e-04
5.245434513542831948e-04
5.220685825890808082e-04
5.196075426959488900e-04
5.171332238295869421e-04
5.147126190139944286e-04
5.122917318985476323e-04
5.099105807974897752e-04
5.075153348347745397e-04
5.051593449967898500e-04
5.028289653786319376e-04
5.005106112041846122e-04
4.982040844474431001e-04
4.959358140808569531e-04
4.936789300265060016e-04
4.914465294801160936e-04
4.892383881248646253e-04
4.870410311294864816e-04
4.848675260382081555e-04
4.827044350889859764e-04
4.805780191236109036e-04
4.784748355279468514e-04
4.763946871670884692e-04
4.743242112146882979e-04
4.722895752111220375e-04
4.702774121590575993e-04
4.682875445831198753e-04
4.663066853786500374e-04
4.643478097820593242e-04
4.624369295524707380e-04
4.605215123206093616e-04
4.586406673847599367e-04
4.567942070515471358e-04
4.549558857518096232e-04
4.531386272857787782e-04
4.513553057725113327e-04
4.495797744880060355e-04
4.478379089113633028e-04
4.461295542406859766e-04
4.444286623465277435e-04
4.427610429387019222e-04
4.411007133128902425e-04
4.394734352121038349e-04
4.378790601396146016e-04
4.362916779115172871e-04
4.347626999023239186e-04
4.332019274062783747e-04
4.316864777697702253e-04
4.302033572539064039e-04
4.287396312715244500e-04
4.272824241057507550e-04
4.258572804662389094e-04
4.244640950414622156e-04
4.230900069357075317e-04
4.217477079014208445e-04
4.204116393991350216e-04
4.191072363737679955e-04
4.178090026063054139e-04
4.165550228471856086e-04
4.153071421155166338e-04
4.140907066475138206e-04
4.128929977815279633e-04
4.117013536761412649e-04
4.105536815938307712e-04
4.094120448814180836e-04
4.082764738974166484e-04
4.071973578455134052e-04
4.061116984938938166e-04
4.050321386689992916e-04
4.040089213374658183e-04
4.029792544421664248e-04
4.019807988469278133e-04
4.010135305845301734e-04
4.000524333496522484e-04
3.991100520109281628e-04
3.981864107335543446e-04
3.972815366208812824e-04
3.963954596591456143e-04
3.955157792956265480e-04
3.946674106928674307e-04
3.938379459707701041e-04
3.930150311994726154e-04
3.922235127316944792e-04
3.914262902249518211e-04
3.906605590544354255e-04
3.899139883730702149e-04
3.891619693767728186e-04
3.884415903681561117e-04
3.877159540140101622e-04
3.870343707318558805e-04
3.863477051422394047e-04
3.856806349888491610e-04
3.850332253500403975e-04
3.843932887252284221e-04
3.837731481646004480e-04
3.831606427895826940e-04
3.825558694637058114e-04
3.819589271354020929e-04
3.814308198011293646e-04
3.808254459239744497e-04
3.802768847092540742e-04
3.797243773388778209e-04
3.791923316711631200e-04
3.786687025109049991e-04
3.781536021267404451e-04
3.776471444348312805e-04
3.771615265758113188e-04
3.766726899642752085e-04
3.762049040668490442e-04
3.757221173483370398e-04
3.752726547380802209e-04
3.748084834476627281e-04
3.743658245939502889e-04
3.739207737281535662e-04
3.734854763057401895e-04
3.730720299009816017e-04
3.726446457158474283e-04
3.722274185259352480e-04
3.718204757654146146e-04
3.714120218048562070e-04
3.710141321296817301e-04
3.706269347922185519e-04
3.702267831918539020e-04
3.698376278633434323e-04
3.694595963925018860e-04
3.690809646052217990e-04
3.687137345566185529e-04
3.683343772727062405e-04
3.679549052648896693e-04
3.675872825087381397e-04
3.672198406842086169e-04
3.668645179857390483e-04
3.664861311068382910e-04
3.661084194166335025e-04
3.657432816831616843e-04
3.653791023394099900e-04
3.650277535829986016e-04
3.646542214904112530e-04
3.642821194023010954e-04
3.639232790422659565e-04
3.635544607025876064e-04
3.631758413492935434e-04
3.628108990661501189e-04
3.624364648908136679e-04
3.620643451708919721e-04
3.616946814397704662e-04
3.613044039396857456e-04
3.609284978680518501e-04
3.605323188982954624e-04
3.601507780290150737e-04
3.597608537013876153e-04
3.593511608631576966e-04
3.589564993775571115e-04
3.585539092760264422e-04
3.581320322493231588e-04
3.577255573287061157e-04
3.573115856932066294e-04
3.569017420203457924e-04
3.564617353588867129e-04
3.560261416603273041e-04
3.555836212399521410e-04
3.551457428938966428e-04
3.547011844728917328e-04
3.542386664680670328e-04
3.537697497946567897e-04
3.533059476050775150e-04
3.528132195483974182e-04
3.523372141998825876e-04
3.518552737062276975e-04
3.513448273063475222e-04
3.508513810518001995e-04
3.503296954637722099e-04
3.498025631277153257e-04
3.492813865053919875e-04
3.487436595194475094e-04
3.482120664289273335e-04
3.476528752210055308e-04
3.470887535306439232e-04
3.465310348367978003e-04
3.459348465555995449e-04
3.453564770434141076e-04
3.447735228357882683e-04
3.441636656701814435e-04
3.435606115821957722e-04
3.429308705244417822e-04
3.423192428913248916e-04
3.416811105527192520e-04
3.410500363771858459e-04
3.403926495828161016e-04
3.397313191143217360e-04
3.390661006920280213e-04
3.383859462174506044e-04
3.376798507073789073e-04
3.369922565372441810e-04
3.362788862227563888e-04
3.355619770671945212e-04
3.348305364352055459e-04
3.340956835609721677e-04
3.333574660618293748e-04
3.326049136298817261e-04
3.318491033466748055e-04
3.310790796445858136e-04
3.303058915286924261e-04
3.295185980949919880e-04
3.287282203322242275e-04
3.279128812331687671e-04
3.270945457731153365e-04
3.262841612596163190e-04
3.254489536303074707e-04
3.245999059543856887e-04
3.237588536122974910e-04
3.228931078123903494e-04
3.220244869636542068e-04
3.211529895447923027e-04
3.202677550896774182e-04
3.193796527300576732e-04
3.184778368150471134e-04
3.175623249812165993e-04
3.166547600541777248e-04
3.157334839132646103e-04
3.147769188244531097e-04
3.138498306430943427e-04
3.128982353597663290e-04
3.119436890669242523e-04
3.109861586690470516e-04
3.100041253770476199e-04
3.090405380669878927e-04
3.080524104622466139e-04
3.070611828529253668e-04
3.060561096061448780e-04
3.050585545690152000e-04
3.040363974787062946e-04
3.030323272514761431e-04
3.020035906004550044e-04
3.009608425080327046e-04
2.999253344896474455e-04
2.988863475974802564e-04
2.978332017527692823e-04
2.967764733600232767e-04
2.957160979089788972e-04
2.946520092933625312e-04
2.935841398654387836e-04
2.925018539057439894e-04
2.914156790300743028e-04
2.903255546992846293e-04
2.892419573859075625e-04
2.881332086545163951e-04
2.870308591411094051e-04
2.859243046637441658e-04
2.848029797854264179e-04
2.836983116967430486e-04
2.825787357875715134e-04
2.814546801551213442e-04
2.803260734078889924e-04
2.791928431499547409e-04
2.780653549692965526e-04
2.769226468004877106e-04
2.757959307487253906e-04
2.746538435481387036e-04
2.735067374464128748e-04
2.723649245724922259e-04
2.712075372281414561e-04
2.700552660522131942e-04
2.688976415344378613e-04
2.677449339239909749e-04
2.665970329772075894e-04
2.654331655892594043e-04
2.642842432540750785e-04
2.631191898663563875e-04
2.619688577507303163e-04
2.608022282016299841e-04
2.596398119509902604e-04
2.584814959371188668e-04
2.573271668835115785e-04
2.561664574928031353e-04
2.550095272537840330e-04
2.538460278218930186e-04
2.526860992838768686e-04
2.515296278935761731e-04
2.503662940142123037e-04
2.492164055371659894e-04
2.480594466658098802e-04
2.469156875280992345e-04
2.457544830374034164e-04
2.445960943313858836e-04
2.434404091405605562e-04
2.422974551006787012e-04
2.411468324847619235e-04
2.399985794230105498e-04
2.388728080644923529e-04
2.377390471303342712e-04
2.365972160447431965e-04
2.354674006025557400e-04
2.343393903013346754e-04
2.332130769780227429e-04
2.320883533997094303e-04
2.309751589228553885e-04
2.298633240922929243e-04
2.287527448102040257e-04
2.276533358123277037e-04
2.265449506269006210e-04
2.254475148439926996e-04
2.243509115005882018e-04
2.232650233253200532e-04
2.221797545950184710e-04
2.210950101431663191e-04
2.200206492765368835e-04
2.189565521673259637e-04
2.178827311977330026e-04
2.168189757385127704e-04
2.157750870914046718e-04
2.147311099684695395e-04
2.136770619556866281e-04
2.126425547582019425e-04
2.116175728714122714e-04
2.105921389792460047e-04
2.095661756024213358e-04
2.085494596936838467e-04
2.075615774192723765e-04
2.065630368569606470e-04
2.055636203979268218e-04
2.045730761248983445e-04
2.035913103707217002e-04
2.026182313756953539e-04
2.016439596782042482e-04
2.006782149092649500e-04
1.997209110597949263e-04
1.987719640688109595e-04
1.978410456831051990e-04
1.968988142071069123e-04
1.959744530250116736e-04
1.950678592449010546e-04
1.941497771970112165e-04
1.932493161179563211e-04
1.923469780612953154e-04
1.914621047621568395e-04
1.905752376773538290e-04
1.897056871946398160e-04
1.888436993742087001e-04
1.879795575234803823e-04
1.871228775039739047e-04
1.862832420569758953e-04
1.854509385850428927e-04
1.846162837334071262e-04
1.838080800425952860e-04
1.829877994361019133e-04
1.821938176889451001e-04
1.813972672096203140e-04
1.806076984668516855e-04
1.798346292394776614e-04
1.790588629923140634e-04
1.782994822391213111e-04
1.775468725067888478e-04
1.768009906212117302e-04
1.760617954631497840e-04
1.753292479635239556e-04
1.746033110979082123e-04
1.738839498801788826e-04
1.731806230772075508e-04
1.724743077580916236e-04
1.717934245401707861e-04
1.711094970427461180e-04
1.704225259743428447e-04
1.697608611427973437e-04
1.691055494605697772e-04
1.684471398979091566e-04
1.677950644711890637e-04
1.671587231986906721e-04
1.665286708175107945e-04
1.659048960316391881e-04
1.652967792346560466e-04
1.646855247886087816e-04
1.640898981899114651e-04
1.634911411054464027e-04
1.629079889968903822e-04
1.623404163476944333e-04
1.617790599609287975e-04
1.612239229538814508e-04
1.606656873348961598e-04
1.601136990204488140e-04
1.595772722289438622e-04
1.590284981799679773e-04
1.584953065844206446e-04
1.579869666376316887e-04
1.575034430418018668e-04
1.569983784498384604e-04
1.564996340030476191e-04
1.560072284765078672e-04
1.555304220764486582e-04
1.550507481188817050e-04
1.545774777766480319e-04
1.541198507028905703e-04
1.536594522022070766e-04
1.532055263996996079e-04
1.527672847111476390e-04
1.523355417268558356e-04
1.519011458761597520e-04
1.514824786669906039e-04
1.510612243860312359e-04
1.506465840719868686e-04
1.502477274077404599e-04
1.498463906593386471e-04
1.494517537219259261e-04
1.490638472751289146e-04
1.486827029866602003e-04
1.482992516778029583e-04
1.479135510093140002e-04
1.475438309842337149e-04
1.471901028445796731e-04
1.468342392705524922e-04
1.464763012458171487e-04
1.461254042478883522e-04
1.457906325742878983e-04
1.454539259093241246e-04
1.451153480702451208e-04
1.447930073838190278e-04
1.444598792276931406e-04
1.441520773917526589e-04
1.438426022317251644e-04
1.435225301380113833e-04
1.432188991570943176e-04
1.429137804946012055e-04
1.426162088118542598e-04
1.423172700701884482e-04
1.420170329664390463e-04
1.417334527605079112e-04
1.414486811146261171e-04
1.411449325424984382e-04
1.408490826484439082e-04
1.405879135355859240e-04
1.403079770029333592e-04
1.400360788344214523e-04
1.397811544031895160e-04
1.395432272976379346e-04
1.392779557478191995e-04
1.390209408729900671e-04
1.387722294039621677e-04
1.385053182170586364e-04
1.382645342297727543e-04
1.380233739594776451e-04
1.377730797131579193e-04
1.375402008713320879e-04
1.372807023014648541e-04
1.370387398510942870e-04
1.368143347688394347e-04
1.365723536541766693e-04
1.363392514333253288e-04
1.361062976691994981e-04
1.358472603686347222e-04
1.356235796098705418e-04
1.354177272521564534e-04
1.351947493576531796e-04
1.349634896332971930e-04
1.347414886573494643e-04
1.345113445512121058e-04
1.342905662498131690e-04
1.340704858506563057e-04
1.338424647949729466e-04
1.336239645299427362e-04
1.334063373778635779e-04
1.331809648292235637e-04
1.329652608423931206e-04
1.327592580492646082e-04
1.325370296118934851e-04
1.323073189591197961e-04
1.320961147475625027e-04
1.318775320968601419e-04
1.316602669393190613e-04
1.314443688280848106e-04
1.312471030573243106e-04
1.310340690962793499e-04
1.308139515221245163e-04
1.305868181277088623e-04
1.303698933544964963e-04
1.301546272902702115e-04
1.299153701313115919e-04
1.296950136274107072e-04
1.294764553832261145e-04
1.292511927818128248e-04
1.290278211503158854e-04
1.287978503627980743e-04
1.285698589869706189e-04
1.283609083965982017e-04
1.281284604527747895e-04
1.278981092127894612e-04
1.276698867453909694e-04
1.274438240270381524e-04
1.272199509329981193e-04
1.269982962282026589e-04
1.267619628521009754e-04
1.265448411361567115e-04
1.262962254967592301e-04
1.260499905969619198e-04
1.258145986570325552e-04
1.255732038757151640e-04
1.253426936676288917e-04
1.250978363470505730e-04
1.248555096831616119e-04
1.246073394795073797e-04
1.243617602665470076e-04
1.241104095588657467e-04
1.238617050823606462e-04
1.236156654304315834e-04
1.233639455649770706e-04
1.231065827443542874e-04
1.228519610981636939e-04
1.226000940211939593e-04
1.223343253871379268e-04
1.220796894333411268e-04
1.218195344156700630e-04
1.215538895432883063e-04
1.212827826616261776e-04
1.210228382619134090e-04
1.207574554774670317e-04
1.204783730987770871e-04
1.202104686590245143e-04
1.199289081962656500e-04
1.196585247439087648e-04
1.193745235246803797e-04
1.191016932102188655e-04
1.188152781401789185e-04
1.185400227726747914e-04
1.182594399626413451e-04
1.179735417470692869e-04
1.176823389049087100e-04
1.173940497349501479e-04
1.171004600295889804e-04
1.168097719336664691e-04
1.165137826649708655e-04
1.162124970389499741e-04
1.159140931727953273e-04
1.156185531079230048e-04
1.153095362874985435e-04
1.150033715214463214e-04
1.147081848788622196e-04
1.143913725376744249e-04
1.140855068611450857e-04
1.137742899949072096e-04
1.134658374010905123e-04
1.131438968996803903e-04
1.128409082494188947e-04
1.125244046500564727e-04
1.122024922622627118e-04
1.118913395920576162e-04
1.115666640307013785e-04
1.112446267465687816e-04
1.109171361978965705e-04
1.106003050098885532e-04
1.102699281779083229e-04
1.099421101917760584e-04
1.096087834504547777e-04
1.092860042831530663e-04
1.089576711587632979e-04
1.086157545190051120e-04
1.082843014392065718e-04
1.079472484702817726e-04
1.076125828992893822e-04
1.072802721284872953e-04
1.069422968244174827e-04
1.066066226855044659e-04
1.062652424791560437e-04
1.059261075969673214e-04
1.055812229141044430e-04
1.052464788371833255e-04
1.048979792893788319e-04
1.045516070803221382e-04
1.042152584906325352e-04
1.038650949779323614e-04
1.035169585550094857e-04
1.031787245165753495e-04
1.028266117190951995e-04
1.024843225906779963e-04
1.021281141756428938e-04
1.017895369914289952e-04
1.014291037510395733e-04
1.010862067412560871e-04
1.007371598419410015e-04
1.003898026307123990e-04
1.000440928373190833e-04
9.969213864864019691e-05
9.934175926723161647e-05
9.900074786337040105e-05
9.864555188791748839e-05
9.829963674000793050e-05
9.794730500913093746e-05
9.759634251357771344e-05
9.724670495668826333e-05
9.689834789932350522e-05
9.655122678670011443e-05
9.619751173549657562e-05
9.585273488045213512e-05
9.550128734827667586e-05
9.515090965662569575e-05
9.479379737397173992e-05
9.445318562658904947e-05
9.410575043750905747e-05
9.375920741935168132e-05
9.341351247590132332e-05
9.306862170027609615e-05
9.271676937069531091e-05
9.238107816328382401e-05
9.203833882136743558e-05
9.168852732357024701e-05
9.135471085768461224e-05
9.101373763723347101e-05
9.067326917942204246e-05
9.034094245822980407e-05
9.000135393148106825e-05
8.966214774788411400e-05
8.932328408205602742e-05
8.898472363970219730e-05
8.864642767907701291e-05
8.831599904554638801e-05
8.798574678711587561e-05
8.765563395572602268e-05
8.732562422622632719e-05
8.699568190993081456e-05
8.667338215817598293e-05
8.634346406375293000e-05
8.602110816818429786e-05
8.569107947457124165e-05
8.537612100665870367e-05
8.504584619301032531e-05
8.473055451699484572e-05
8.440747703285338404e-05
8.408945658431228349e-05
8.377720700632857679e-05
8.346540113550981988e-05
8.315250103207130663e-05
8.284451125804769239e-05
8.253461510634033994e-05
8.222805812904335340e-05
8.192330266774253459e-05
8.161806528295268554e-05
8.131682652202538715e-05
8.101730244472071677e-05
8.071871592988289108e-05
8.042179064388831284e-05
8.012724848095186567e-05
7.983356653555272989e-05
7.954370977845967388e-05
7.925391590514723871e-05
7.896714750931909527e-05
7.868113878169861791e-05
7.839735452838774148e-05
7.811576721089250627e-05
7.783709341067876237e-05
7.755907630812216842e-05
7.728243608867832112e-05
7.700937463552561229e-05
7.673764054254101285e-05
