0.000000000000000000e+00
0.000000000000000000e+00
1.121474165221573230e+03
5.314471264957527410e+02
3.013487965856032247e+02
1.918667628153382623e+02
1.324622399365886167e+02
9.707491850721055471e+01
7.439164865015439432e+01
5.903236850310192807e+01
4.815782907422143211e+01
4.016272947160624085e+01
3.414209461980195215e+01
2.945582122220210763e+01
2.572274104904305148e+01
2.271212958860131792e+01
2.026012559939911029e+01
1.823484317788559395e+01
1.652558521043360784e+01
1.508807740675167963e+01
1.384809912596172232e+01
1.277276441124403661e+01
1.183478498936826462e+01
1.100916507726188875e+01
1.027927202033577814e+01
9.630798522333408940e+00
9.050710400000541611e+00
8.530874662828608734e+00
8.061517293014738073e+00
7.637322013853329317e+00
7.252689429013029709e+00
6.901439828297244894e+00
6.580567985462988823e+00
6.286983007701020476e+00
6.017209736611071946e+00
5.768655829136928759e+00
5.538724532083532992e+00
5.325184678962312290e+00
5.127371742628143991e+00
4.943730447240924697e+00
4.772040127830224243e+00
4.611761879218811977e+00
4.461094282885547990e+00
4.319726625374939566e+00
4.186402284495081894e+00
4.061607608356435861e+00
3.944406228128775727e+00
3.833765580306616627e+00
3.728981385439389840e+00
3.629810924943094541e+00
3.536388062363828411e+00
3.447746221155285617e+00
3.364061673730684543e+00
3.284161295683969417e+00
3.207651170297709076e+00
3.134785061697852093e+00
3.065768371024577110e+00
3.000200224359297341e+00
2.937856995729302145e+00
2.878269490541795594e+00
2.821274519625584176e+00
2.767212679854001323e+00
2.714931057885758392e+00
2.664683431812040926e+00
2.616799404035374366e+00
2.570583764471288113e+00
2.526367836115590126e+00
2.483824899024043908e+00
2.443257847335276622e+00
2.404254369290827587e+00
2.366913391991119830e+00
2.330955804415080657e+00
2.296314027126649560e+00
2.262840047497900020e+00
2.230482890733159529e+00
2.199276371159972321e+00
2.169088984451077895e+00
2.139955836986547677e+00
2.111906494020277858e+00
2.084744008964223294e+00
2.058576987902224431e+00
2.033289826207898443e+00
2.008908775595855456e+00
1.985321040284743654e+00
1.962553655885426407e+00
1.940438293111734325e+00
1.919007929275408975e+00
1.898413448833319750e+00
1.878254781792175754e+00
1.858807130041772337e+00
1.839921943106144653e+00
1.821518845691797006e+00
1.803689302281458406e+00
1.786410056012444070e+00
1.769502239834728652e+00
1.753108232716540371e+00
1.737007338406018508e+00
1.721487220853750610e+00
1.706378971022266322e+00
1.691573634613081190e+00
1.677201456800932799e+00
1.663155588092290582e+00
1.649647964390934529e+00
1.636307425733628973e+00
1.623303398184677837e+00
1.610582666398178375e+00
1.598177940918575013e+00
1.585917270115806854e+00
1.574037481897959445e+00
1.562407692117195435e+00
1.550982527619777729e+00
1.539794568262748520e+00
1.528836490237868606e+00
1.518137366001836686e+00
1.507617230791486573e+00
1.497341353226991467e+00
1.487198432693312311e+00
1.477321150126291949e+00
1.467633721495893440e+00
1.458065192003816346e+00
1.448677719006527642e+00
1.439402817558553371e+00
1.430269622373107508e+00
1.421274698269649583e+00
1.412414720206099261e+00
1.403656834775973472e+00
1.395028491659968672e+00
1.386497926141585513e+00
1.378063515708706444e+00
1.369751499293585528e+00
1.361531632082827459e+00
1.353402465976807578e+00
1.345389388017287358e+00
1.337437697534295422e+00
1.329573260776166777e+00
1.321794960849336897e+00
1.314051589253484531e+00
1.306393600368598751e+00
1.298795526782642762e+00
1.291209319312110582e+00
1.283731483960080633e+00
1.276266593089872670e+00
1.268885390004481195e+00
1.261564016695587931e+00
1.254257530267443244e+00
1.246989558071943671e+00
1.239825927856678556e+00
1.232635808908803199e+00
1.225485826202271644e+00
1.218397299839871994e+00
1.211307973609689670e+00
1.204260429613595029e+00
1.197214416809975202e+00
1.190210908663477563e+00
1.183230103838671443e+00
1.176272498592035420e+00
1.169300439998605334e+00
1.162391063999590024e+00
1.155487581377641737e+00
1.148591053271948992e+00
1.141720604758469371e+00
1.134876519028927611e+00
1.128041378867409517e+00
1.121250985191526217e+00
1.114435910556101028e+00
1.107666377910311306e+00
1.100908239634485364e+00
1.094178863180420347e+00
1.087429033666768241e+00
1.080693069080538971e+00
1.073971579791724862e+00
1.067233404950793663e+00
1.060495875928560316e+00
1.053744524179524467e+00
1.047011526880195165e+00
1.040282143182809316e+00
1.033527378243389805e+00
1.026779068655393035e+00
1.020023759386259998e+00
1.013263077398064649e+00
1.006527232493268142e+00
9.997742666752579277e-01
9.930201019856003120e-01
9.862522520615866206e-01
9.794999054796975635e-01
9.727503084335165084e-01
9.659375719034799523e-01
9.591844762726385865e-01
9.524247268130263677e-01
9.456467899859968274e-01
9.389296468092654946e-01
9.321453560022554541e-01
9.253853825612514683e-01
9.186127852644817571e-01
9.118661572000068549e-01
9.051092490538019675e-01
8.983435390803937715e-01
8.915943804672118445e-01
8.848505732475598906e-01
8.781130874498835892e-01
8.713828528156479791e-01
8.646492477332240467e-01
8.579247633396792638e-01
8.511988438385682532e-01
8.444613426580442894e-01
8.377356643710678341e-01
8.310005302930523197e-01
8.242788377008621881e-01
8.175389274699947917e-01
8.108035140212475067e-01
8.040733885484472321e-01
7.973493111349109208e-01
7.906113396700275020e-01
7.838914734373901849e-01
7.771698034006420119e-01
7.704573041827945667e-01
7.637446308949252805e-01
7.570523782881524166e-01
7.503612839276487811e-01
7.436818428655360691e-01
7.370145703152459760e-01
7.303599601330362789e-01
7.237184855762465174e-01
7.170719126124899256e-01
7.104582164135091471e-01
7.038497782696228056e-01
6.972563365469871544e-01
6.906692507321462449e-01
6.841069966095633115e-01
6.775608213673036673e-01
6.710222698008265763e-01
6.644918838283832008e-01
6.579874537959762293e-01
6.515004785289428835e-01
6.450142529834126393e-01
6.385547133721479751e-01
6.321051966945255840e-01
6.256744182004955190e-01
6.192625939641165367e-01
6.128780659170853795e-01
6.064966173339876310e-01
6.001508457222808346e-01
5.938246533797172377e-01
5.875182067889580528e-01
5.812316629841972615e-01
5.749651698607032291e-01
5.687265478699081722e-01
5.625157416745218963e-01
5.563251338923937972e-01
5.501698387093753029e-01
5.440347323670419177e-01
5.379346834104915542e-01
5.318474949841024424e-01
5.258097698310246759e-01
5.197921051177746277e-01
5.138017563315379066e-01
5.078457491575876226e-01
5.019238470458485812e-01
4.960288294892750693e-01
4.901675538496573226e-01
4.843466622120529141e-01
4.785521112755001250e-01
4.727838245939040562e-01
4.670753342188944113e-01
4.613857687284160236e-01
4.557218246331171119e-01
4.501031376899389813e-01
4.445096167672394349e-01
4.389541312779854376e-01
4.334234598912137248e-01
4.279430378040018357e-01
4.224932244364856260e-01
4.170926593747777411e-01
4.117219949482499586e-01
4.063934094335739378e-01
4.011002749742079709e-01
3.958544631326848529e-01
3.906371927958434132e-01
3.854663193745077598e-01
3.803352850137567964e-01
3.752436433254436321e-01
3.702027343565305606e-01
3.651884810706398921e-01
3.602239345458671527e-01
3.553026623795991212e-01
3.504241307263576410e-01
3.455821278946677455e-01
3.407819018571765501e-01
3.360285498995563835e-01
3.313158845952873799e-01
3.266489432566092033e-01
3.220271264916223508e-01
3.174280233958350905e-01
3.128948452376191236e-01
3.083942872971570659e-01
3.039527322988015978e-01
2.995427563991961972e-01
2.951798519448995961e-01
2.908529012813482750e-01
2.865770934120579483e-01
2.823413651097748667e-01
2.781503434413754028e-01
2.740085300738053786e-01
2.699101687132645089e-01
2.658546814409671888e-01
2.618465007150646007e-01
2.578800012259748198e-01
2.539595698682215463e-01
2.500845704709477868e-01
2.462592499149277858e-01
2.424732165741979584e-01
2.387355795607903342e-01
2.350456514231961946e-01
2.313980072345539762e-01
2.277967915350063433e-01
2.242413497647419984e-01
2.207310381757147943e-01
2.172652236136550508e-01
2.138432833052473503e-01
2.104691769173882843e-01
2.071422163576948083e-01
2.038572093421760212e-01
2.006180617611815487e-01
1.974241181712007298e-01
1.942747338473096719e-01
1.911736798314692676e-01
1.881114947562463890e-01
1.850963488840244031e-01
1.821275589640806714e-01
1.792001539653501896e-01
1.763178236658033970e-01
1.734841642232549663e-01
1.706900151470626403e-01
1.679390192606091958e-01
1.652347279794967039e-01
1.625681637040815863e-01
1.599470446519300204e-01
1.573707071039602834e-01
1.548344247083865421e-01
1.523457258035921524e-01
1.498958551274833795e-01
1.474842614763332560e-01
1.451183600227971826e-01
1.427935225069595360e-01
1.405130887593831202e-01
1.382685871840489689e-01
1.360672868674619451e-01
1.339046908024152382e-01
1.317840867167965613e-01
1.297010413410495666e-01
1.276588168298063986e-01
1.256643741519035962e-01
1.236982145948548328e-01
1.217748897735607821e-01
1.198863367914874967e-01
1.180394424291029143e-01
1.162299186263617834e-01
1.144572212340215084e-01
1.127244464044482447e-01
1.110237839765142731e-01
1.093619588507872137e-01
1.077348298378898173e-01
1.061454473337020005e-01
1.045897269661117818e-01
1.030706966104043554e-01
1.015843274747342262e-01
1.001336249828968517e-01
9.871807059497833547e-02
9.733027972180782750e-02
9.598353591180541766e-02
9.466703303553460069e-02
9.338033951551127920e-02
9.212639429611152453e-02
9.090472530995917511e-02
8.971486791114192949e-02
8.855305455147030602e-02
8.742547297733740952e-02
8.632835213076670011e-02
8.525799782588884546e-02
8.421727280421233142e-02
8.320897760866596826e-02
8.222623114762053764e-02
8.126867380491352433e-02
8.034229854072297283e-02
7.944665776745918340e-02
7.857188870813620885e-02
7.772707681335493113e-02
7.690557689244545414e-02
7.611015522096514774e-02
7.534044306109949352e-02
7.459607724530803452e-02
7.387670007846983133e-02
7.317892958415150861e-02
7.250849342269256870e-02
7.185900558063244847e-02
7.123017475956661126e-02
7.062765166760129332e-02
7.004220232161965931e-02
6.948241062714526073e-02
6.894206549721094979e-02
6.842089755720567879e-02
6.792153569234998800e-02
6.744367001304600595e-02
6.698412744092695215e-02
6.654264862924998136e-02
6.612181658537084894e-02
6.571568860339223328e-02
6.532967996476345129e-02
6.496070812050928900e-02
6.461131597670873028e-02
6.427568645243147971e-02
6.395913949600330606e-02
6.365591915528739930e-02
6.336856870042202605e-02
6.309414837833361711e-02
6.283788456639045894e-02
6.259414036003912996e-02
6.236274099247942487e-02
6.214617921752401547e-02
6.194424739122412343e-02
6.175410133884638025e-02
6.157820418132750606e-02
6.141374245083636163e-02
6.125795497340422863e-02
6.111331216712623249e-02
6.098223765408294222e-02
6.086197734781908369e-02
6.074982792800907166e-02
6.064821990958142034e-02
6.055447794214897927e-02
6.047353106812788925e-02
6.040018972636277544e-02
6.033185477563379057e-02
6.027590938306458257e-02
6.022476727181787920e-02
6.018082442124500497e-02
6.014643282900913185e-02
6.011902433136567109e-02
6.009607714638094678e-02
6.008236405286594695e-02
6.007294968289565718e-02
6.007017103606089592e-02
6.006917179363922832e-02
6.007704755481702019e-02
6.008895505552590971e-02
6.010484086289834965e-02
6.012231124007105104e-02
6.014600719117135091e-02
6.017120577689263200e-02
6.020250779577427519e-02
6.023753316306886679e-02
6.027394336862822166e-02
6.031171939511337926e-02
6.035538114984884128e-02
6.039807175759458885e-02
6.044205257490626454e-02
6.049178519661394665e-02
6.053827370666594460e-02
6.058822017042176516e-02
6.063936809246094767e-02
6.069170094090920592e-02
6.074301099177303181e-02
6.079549256832825210e-02
6.084695709982217149e-02
6.089741683816064094e-02
6.094688388855404315e-02
6.099751492167871519e-02
6.104929424712979974e-02
6.109795349059483210e-02
6.114564904169442899e-02
6.119450082348093511e-02
6.123609552719979504e-02
6.128097738638726977e-02
6.132285888699738619e-02
6.136385023913217690e-02
6.140396203697640748e-02
6.143909345068606503e-02
6.147135343022717274e-02
6.150281595021830222e-02
6.153146056111945261e-02
6.155732200395961501e-02
6.158043457865305242e-02
6.160283698405712161e-02
6.161854816365535531e-02
6.162963900764657083e-02
6.164210691953153631e-02
6.165001901280580537e-02
6.165343134764256217e-02
6.165239929832935784e-02
6.164892546724207861e-02
6.164304008656987244e-02
6.162897677804495683e-02
6.161453257355731239e-02
6.159587992641033655e-02
6.157307059956952655e-02
6.154425472356473553e-02
6.151139914768980616e-02
6.147455366745757654e-02
6.143376748622193795e-02
6.139095991189973817e-02
6.134243013830097818e-02
6.128639271564062518e-02
6.123033486453042379e-02
6.116689711743932695e-02
6.109800556112078562e-02
6.102920926638524118e-02
6.095141528002610137e-02
6.087198342526065759e-02
6.078552286374622193e-02
6.069571726908502135e-02
6.059902918815963241e-02
6.050089629472968356e-02
6.039600981345892572e-02
6.028799400643781309e-02
6.017512750191143095e-02
6.005747208251623059e-02
5.993508874585993379e-02
5.980629489202303473e-02
5.967464231503642746e-02
5.954016953948170626e-02
5.939946898597704694e-02
5.925261771882151668e-02
5.910140144044297161e-02
5.894757877635539711e-02
5.878948843884177627e-02
5.862380426952813750e-02
5.845566940575325221e-02
5.828679455331903236e-02
5.811050942764892091e-02
5.793023265860371140e-02
5.774435623064317485e-02
5.755955742874922093e-02
5.736595329926801046e-02
5.716856741968067562e-02
5.696744734038469704e-02
5.676263993587363915e-02
5.655419141227513435e-02
5.634376284757442593e-02
5.612655253752642237e-02
5.590745132822385471e-02
5.568488730035191236e-02
5.545731168703085107e-02
5.522795622533838850e-02
5.499368496666626888e-02
5.475770498896206234e-02
5.451690247737632500e-02
5.427446014627521076e-02
5.402728609709390312e-02
5.377853897333639138e-02
5.352669432242811165e-02
5.327178991047602785e-02
5.301539786818899869e-02
5.275448196595572403e-02
5.249214404684009183e-02
5.222688734636499186e-02
5.195874912971024800e-02
5.168776614976225425e-02
5.141547635569251179e-02
5.114040306036397171e-02
5.086258162378574227e-02
5.058501826376933519e-02
5.030179415808005289e-02
5.002035059257847055e-02
4.973626433044599920e-02
4.945103337738953470e-02
4.916321557897949251e-02
4.887429783498030422e-02
4.858429689740631496e-02
4.829322926518050257e-02
4.799967210821590863e-02
4.770652463477614846e-02
4.741092943793339537e-02
4.711434105002669515e-02
4.681819376721059467e-02
4.652107363278819296e-02
4.622299548971665895e-02
4.592537830289637052e-02
4.562542292067955918e-02
4.532594740487538854e-02
4.502695129132847085e-02
4.472843405036160125e-02
4.442625419033901374e-02
4.412595592187289889e-02
4.382615331456849589e-02
4.352684543210242479e-02
4.322803127347724789e-02
4.292835290810669002e-02
4.263052754926544008e-02
4.233184483916645202e-02
4.203366030999002023e-02
4.173597256401617717e-02
4.144011416035677658e-02
4.114474054992921931e-02
4.084985020724474225e-02
4.055412094872042073e-02
4.026019673465965065e-02
3.996937430142295800e-02
3.967901081249244205e-02
3.939301355066957000e-02
3.910614702297699613e-02
3.881971688390827707e-02
3.853501143996768130e-02
3.825201624029210545e-02
3.796943544626862899e-02
3.769109927952980776e-02
3.741314904133508784e-02
3.713812094744919218e-02
3.686092970141608555e-02
3.658916190331083090e-02
3.632025353642748949e-02
3.605167392823611927e-02
3.578591809295347120e-02
3.552296019748649170e-02
3.526029448819267137e-02
3.500162782439610043e-02
3.474445879824348410e-02
3.449000234444712237e-02
3.423945759498793484e-02
3.399034779425646330e-02
3.374266031767454710e-02
3.350001936530128122e-02
3.325754406601455493e-02
3.301884730801921825e-02
3.278389384114528682e-02
3.255025522746082811e-02
3.231911276722506526e-02
3.209163265659523145e-02
3.186778082630455089e-02
3.164634196859100052e-02
3.142847176974087470e-02
3.121178893691882103e-02
3.099862374802157469e-02
3.079011034568957320e-02
3.058271649437404455e-02
3.037991037154428448e-02
3.018049377483522297e-02
2.998213139374915348e-02
2.978825939464278122e-02
2.959769151684829222e-02
2.941039752156549350e-02
2.922634749984453009e-02
2.904551187049589714e-02
2.886673073288256383e-02
2.869223995550754941e-02
2.852200039213018123e-02
2.835373299217030033e-02
2.818853690922254809e-02
2.802861097612917990e-02
2.786946796890598863e-02
2.771552703707574894e-02
2.756453502031751615e-02
2.741646544233593275e-02
2.727129166508924368e-02
2.713117303819882406e-02
2.699279468354435704e-02
2.685722703231957498e-02
2.672661042099992723e-02
2.659874055624800171e-02
2.647251618509758112e-02
2.635221490959198040e-02
2.623457354522042845e-02
2.611956810935334855e-02
2.600823829272129462e-02
2.589949082007128242e-02
2.579435955061203448e-02
2.569175821168622614e-02
2.559271487461116726e-02
2.549719773626529795e-02
2.540308650895491127e-02
2.531453390606489343e-02
2.522733765357265678e-02
2.514459106980450331e-02
2.506315859414223746e-02
2.498611555334320430e-02
2.491137129489804161e-02
2.483992845795734289e-02
2.477073811772876819e-02
2.470479737370130310e-02
2.464207772005191921e-02
2.458154008621504794e-02
2.452518126757059075e-02
2.447095486750017548e-02
2.441884240309361367e-02
2.437082374661604309e-02
2.432387489171877054e-02
2.427898004287398770e-02
2.423711197746338322e-02
2.419923217216597700e-02
2.416235248482603501e-02
2.412842816824527573e-02
2.409645513561723545e-02
2.406739307590020915e-02
2.404024408411393338e-02
2.401596268766800421e-02
2.399258943933550714e-02
2.397301187394759031e-02
2.395527382848527606e-02
2.393936027652943110e-02
2.392525639889839240e-02
2.391294758265067114e-02
2.390337058567391579e-02
2.389555438225416523e-02
2.388948382940568951e-02
2.388514376326481350e-02
2.388251923494847523e-02
2.388065777726860323e-02
2.388142298062436580e-02
2.388292769630474474e-02
2.388795512581270639e-02
2.389276686378033476e-02
2.390013862570994352e-02
2.390820511546990976e-02
2.391788017639696201e-02
2.393006747753759558e-02
2.394108933736698724e-02
2.395460280602963385e-02
2.396967843679982321e-02
2.398539715629227284e-02
2.400175425972212936e-02
2.401964674518754922e-02
2.403726443493532997e-02
2.405819685395423416e-02
2.407794678377568609e-02
2.409919990230243933e-02
2.412105557167478279e-02
2.414350984581151854e-02
2.416744316824892547e-02
2.419108072661785638e-02
2.421530556702982534e-02
2.424011406976618946e-02
2.426462804349604346e-02
2.429146794912219118e-02
2.431713656739977608e-02
2.434424732273231598e-02
2.437105953421355928e-02
2.439843982761401645e-02
2.442466410490205450e-02
2.445231758100409672e-02
2.447882275074650740e-02
2.450589739823127999e-02
2.453268726898686497e-02
2.456004510697437290e-02
2.458712129995966819e-02
2.461391970840226887e-02
2.464128623889022887e-02
2.466753834557470701e-02
2.469268661682762905e-02
2.471757688450945331e-02
2.474304598723780710e-02
2.476826013441654761e-02
2.479239442087891043e-02
2.481628561902961272e-02
2.483993735577059991e-02
2.486253116371741484e-02
2.488407715357380742e-02
2.490622080029147867e-02
2.492569687945630705e-02
2.494659527852837941e-02
2.496485022231709552e-02
2.498372086161573802e-02
2.500078314598922977e-02
2.501685800391006270e-02
2.503356057780095970e-02
2.504768509993579584e-02
2.506164937181019903e-02
2.507386354085239244e-02
2.508593201480763951e-02
2.509627314384645091e-02
2.510569260390766583e-02
2.511419950923260078e-02
2.512101671612473539e-02
2.512694346429062905e-02
2.513120651423420004e-02
2.513460084677917108e-02
2.513635709463134596e-02
2.513804209480974619e-02
2.513656206744243130e-02
2.513425972327966440e-02
2.513268366204138640e-02
2.512722149731642929e-02
2.512096979653834217e-02
2.511393666769842423e-02
2.510460562259645909e-02
2.509451692027181088e-02
2.508292001934039894e-02
2.506907202029904150e-02
2.505450117273302912e-02
2.503770978980114290e-02
2.501946748015073871e-02
2.499978727807953757e-02
2.497942900299307892e-02
2.495690972967304355e-02
2.493299091698055261e-02
2.490694381792077361e-02
2.487878642453918501e-02
2.484927410774116080e-02
2.481989036274529631e-02
2.478696680852452219e-02
2.475272790882101365e-02
2.471718534193687380e-02
2.468035065306940778e-02
2.464150882415863317e-02
2.459995241953302075e-02
2.455859584006186633e-02
2.451455539671513334e-02
2.447001143239477608e-02
2.442281726090358637e-02
2.437371057937403468e-02
2.432270776269723767e-02
2.427124952576009340e-02
2.421720983293208784e-02
2.416131856240417639e-02
2.410429840091713946e-02
2.404545436316977633e-02
2.398620887571322260e-02
2.392446130497715220e-02
2.386023183536129313e-02
2.379493721666602057e-02
2.372928366297309688e-02
2.366119052485485610e-02
2.359206382726752524e-02
2.352052948150825176e-02
2.344798640748050472e-02
2.337375518268989746e-02
2.329716293296900040e-02
2.322028294326055134e-02
2.314106886050715586e-02
2.306022049443487779e-02
2.297911085251014979e-02
2.289570804236740545e-02
2.281138315840270520e-02
2.272546889112706664e-02
2.263797774974442636e-02
2.254959393053273045e-02
2.245898437841148398e-02
2.236817185915066300e-02
2.227449063409329619e-02
2.218062381058232349e-02
2.208524584472209770e-02
2.198770603403992635e-02
2.189000259758460548e-02
2.179081915936689415e-02
2.169016690160809752e-02
2.158871287510395753e-02
2.148515445780425567e-02
2.138146580049971046e-02
2.127699697185588337e-02
2.117175394721004800e-02
2.106509432292557119e-02
2.095638170793068591e-02
2.084821188919089296e-02
2.073800652289738838e-02
2.062706505780314420e-02
2.051539341263812488e-02
2.040235819963586578e-02
2.028796963956073715e-02
2.017414653905121730e-02
2.005834652475754418e-02
1.994185049011357180e-02
1.982466379564699552e-02
1.970742205027470328e-02
1.958886831396406195e-02
1.946963949406321781e-02
1.934974061279005550e-02
1.922917660930545738e-02
1.910670619632032219e-02
1.898669421553698944e-02
1.886416222697755163e-02
1.874160283501937960e-02
1.861839895342890308e-02
1.849455505165376393e-02
1.837069004315822207e-02
1.824619090388642298e-02
1.812106188571807608e-02
1.799591747809981684e-02
1.787014868265362350e-02
1.774375954172773689e-02
1.761857246682353023e-02
1.749155510341723896e-02
1.736513314320803011e-02
1.723870011686818443e-02
1.711165500382490212e-02
1.698460078317860084e-02
1.685813494538727225e-02
1.673046317566957361e-02
1.660278353395612874e-02
1.647568935270415924e-02
1.634799088843161968e-02
1.622146521632394575e-02
1.609315418972986564e-02
1.596601195789429037e-02
1.583944261626623121e-02
1.571285555036699630e-02
1.558566539287127746e-02
1.545962528699854240e-02
1.533298055899747284e-02
1.520689577565172319e-02
1.508078681452168848e-02
1.495580915355642845e-02
1.483080054169058810e-02
1.470576016978211546e-02
1.458183587183596586e-02
1.445787336351065169e-02
1.433330035474531146e-02
1.421097259867932887e-02
1.408802822878650086e-02
1.396560647213922375e-02
1.384426978508618809e-02
1.372401017212055048e-02
1.360369119829171053e-02
1.348331239865664319e-02
1.336399685108471090e-02
1.324517617133159735e-02
1.312516830690935166e-02
1.300844490492475761e-02
1.289108549146429118e-02
1.277531598666052648e-02
1.265946179437987124e-02
1.254518232134642017e-02
1.243136236151142458e-02
1.231799805775841972e-02
1.220618487532700545e-02
1.209426651958722676e-02
1.198333735333100350e-02
1.187339011946231954e-02
1.176496252288348511e-02
1.165641271365623795e-02
1.154936832120334253e-02
1.144327742038218042e-02
1.133759282497316494e-02
1.123338923939971867e-02
1.112958052536176107e-02
1.102723686381073577e-02
1.092581246623227850e-02
1.082530066657278085e-02
1.072569485813947357e-02
1.062752067146504470e-02
1.052970612817335019e-02
1.043330802795636170e-02
1.033831661921432062e-02
1.024366690990508727e-02
1.015040911293154172e-02
1.005800827427425978e-02
9.967506904967471729e-03
9.877845894987778014e-03
9.789019274678095739e-03
9.701542126117903078e-03
9.614885408732516681e-03
9.528524545414076771e-03
9.444527913342250225e-03
9.361330194950456124e-03
9.279441275829025670e-03
9.198852058325199255e-03
9.119040091562910164e-03
9.040511900859570307e-03
8.962747341851252242e-03
8.886250939496844956e-03
8.811523023822461290e-03
8.737027649322569312e-03
8.664790467973238625e-03
8.593278891000536573e-03
8.522487666664548683e-03
8.453419239289869380e-03
8.385559449517155164e-03
8.318900139689134124e-03
8.252932550227935413e-03
8.188651110190306448e-03
8.125047574442254006e-03
8.062614812465423997e-03
8.001841658084757683e-03
7.942221855522178450e-03
7.883253333930648546e-03
7.825425189421140668e-03
7.768730039817646309e-03
7.713652073496674554e-03
7.659690585437972654e-03
7.606838464478358867e-03
7.555088686330218954e-03
7.503946840205261322e-03
7.454868494256801197e-03
7.406384463813839997e-03
7.358975542448855170e-03
7.312635135836118884e-03
7.267839263653973550e-03
7.223615462399568359e-03
7.180921475135546191e-03
7.138788924122748021e-03
7.097693182704218479e-03
7.058105816604825708e-03
7.019541222284038200e-03
6.981993475218667075e-03
6.945456730176575479e-03
6.909925220346993177e-03
6.874920392046937091e-03
6.841383311816778487e-03
6.809305591104391001e-03
6.777738890080552830e-03
6.747149733747249620e-03
6.717532805748290155e-03
6.688882861215590322e-03
6.661194725693298478e-03
6.634463235722658572e-03
6.608218651529744990e-03
6.583385406305131658e-03
6.559492912521838574e-03
6.536997635440021034e-03
6.514970254788698088e-03
6.493408473344573599e-03
6.471392236604649358e-03
6.451672758060989291e-03
6.432865729372449874e-03
6.414510160937378011e-03
6.397059293670833389e-03
6.380508433695915131e-03
6.364852945252180184e-03
6.349183054010747694e-03
6.334854701298279871e-03
6.321409921536316930e-03
6.308394358583882360e-03
6.295806292029192640e-03
6.284540385906794285e-03
6.273695137817624640e-03
6.263268952034549072e-03
6.253705818001484285e-03
6.244556920330103858e-03
6.235820773890368013e-03
6.229267725502152415e-03
6.221791398622119641e-03
6.214721855092798092e-03
6.208498117957326860e-03
6.202676788622654876e-03
6.196379254856125909e-03
6.191798444747504543e-03
6.187177621375371597e-03
6.183826508542365243e-03
6.180433039654855722e-03
6.177433054799948836e-03
6.174825451455440845e-03
6.173041925925727355e-03
6.171646991765065288e-03
6.169777411871337804e-03
6.169158289558086816e-03
6.168495320026344368e-03
6.168218662734201337e-03
6.168755204893280018e-03
6.168820598679919213e-03
6.169697405139474081e-03
6.170956949017114904e-03
6.171749277401378589e-03
6.173349665953152716e-03
6.174908998489763746e-03
6.176851003526715941e-03
6.179174741586405083e-03
6.181038187098674905e-03
6.183284665562410569e-03
6.185494300952771966e-03
6.188086706640992876e-03
6.191060975261388107e-03
6.194832786383979578e-03
6.198151542994016772e-03
6.201436090158800839e-03
6.204687910471693227e-03
6.208321925749493708e-03
6.211099286743336848e-03
6.214673680708047640e-03
6.218219696863748654e-03
6.221328455355642009e-03
6.225232454502925561e-03
6.228702105944648043e-03
6.232149197584327567e-03
6.235982446231206656e-03
6.238981415341102871e-03
6.242369369492330178e-03
6.246145430376061868e-03
6.249095941976806970e-03
6.252437307374327825e-03
6.255363106554713733e-03
6.258680936747512864e-03
6.261186075603090810e-03
6.263685325115598244e-03
6.266579733806141271e-03
6.268671204198709122e-03
6.270762002317602744e-03
6.272853327975943388e-03
6.274946359362828553e-03
6.276646145294035792e-03
6.278351383700466089e-03
6.279668526860082874e-03
6.280600829195820411e-03
6.281544712867332889e-03
6.282108713975006510e-03
6.282687747573433186e-03
6.283282776693293291e-03
6.283114073703100280e-03
6.282186827817466852e-03
6.282061813226819461e-03
6.281182813295078590e-03
6.279942384328138921e-03
6.278730212256188048e-03
6.277160963795618345e-03
6.275237467096099128e-03
6.272962541336103530e-03
6.271107055355947847e-03
6.268136562076335669e-03
6.265205872552092464e-03
6.261551911073318967e-03
6.257941952348223223e-03
6.253996136734653495e-03
6.249717162284416060e-03
6.244728532677200697e-03
6.239791863172318952e-03
6.234152103866179295e-03
6.228945177210988560e-03
6.222663775788914685e-03
6.216065948383898976e-03
6.209529209128456829e-03
6.202679515550061848e-03
6.195145477936403987e-03
6.187304498680572772e-03
6.179531267608991650e-03
6.171082536091888372e-03
6.162333586619004981e-03
6.153286586465315545e-03
6.143573901081947168e-03
6.133937812813374663e-03
6.123641502888143434e-03
6.113056753116269393e-03
6.102185543793266914e-03
6.091029819063720034e-03
6.079591486958618902e-03
6.067142018712039925e-03
6.055145342095438407e-03
6.042507650754818001e-03
6.029232633968721090e-03
6.016049194137794258e-03
6.002233115151241021e-03
5.988149312473673574e-03
5.973799395834573575e-03
5.959184939025859856e-03
5.944307479919832410e-03
5.928809696277475942e-03
5.913053135259189845e-03
5.897039222216340568e-03
5.880769346762858979e-03
5.863532221975479089e-03
5.846755691661581662e-03
5.829372072524698252e-03
5.811738927675723018e-03
5.793503621831397332e-03
5.775375628365977433e-03
5.756649011531801523e-03
5.738030746954701951e-03
5.718466059804345678e-03
5.699362963590403133e-03
5.679668477882982014e-03
5.659735150800130135e-03
5.639215140743798066e-03
5.618459706051753648e-03
5.597817657393025156e-03
5.576941051982950252e-03
5.555137752781730102e-03
5.533796160590806826e-03
5.511877506654448526e-03
5.489729242393704550e-03
5.467696411717638469e-03
5.445090879677315018e-03
5.421915215452479016e-03
5.399199208808031988e-03
5.375914579906353706e-03
5.352746298168792848e-03
5.329352634732146925e-03
5.305394168760663165e-03
5.281552289262009432e-03
5.257486943537475164e-03
5.233198721237279638e-03
5.208688188537746559e-03
5.183618688174823630e-03
5.159002343628575453e-03
5.133828052936273423e-03
5.109104471464920652e-03
5.083823891790820344e-03
5.058657168685776542e-03
5.032935457894911757e-03
5.007327311195349656e-03
4.981498771831305468e-03
4.955782319646192917e-03
4.929845099155422128e-03
4.904018445977900882e-03
4.877970602751487313e-03
4.851701898548729276e-03
4.825541965760144630e-03
4.799160686039150199e-03
4.772886567610156415e-03
4.746390582030172826e-03
4.720000121078983014e-03
4.693713810401251713e-03
4.666878229941774127e-03
4.640471701244926889e-03
4.613841339664415987e-03
4.587311780559199907e-03
4.560557784281232645e-03
4.534226230222824020e-03
4.507345889198655087e-03
4.480885438212506636e-03
4.454198592571291873e-03
4.427606861193558903e-03
4.401108977755361848e-03
4.375023786812417756e-03
4.348709278135720266e-03
4.322165780312752122e-03
4.296030665631193554e-03
4.269665101474980941e-03
4.243704358880989215e-03
4.217511714795119104e-03
4.191720350694617785e-03
4.166011553270255845e-03
4.140384088355909820e-03
4.114206982300685697e-03
4.088739533448186754e-03
4.063035903114632988e-03
4.037723073857866878e-03
4.012485484344417534e-03
3.987321935647063567e-03
3.962231235993607555e-03
3.937212201158596554e-03
3.912574429583809757e-03
3.888004965512872370e-03
3.863812416358615009e-03
3.839375606133479685e-03
3.815312422288841005e-03
3.790695470655678235e-03
3.766757656768421249e-03
3.742880367550739489e-03
3.719676026487575039e-03
3.696221795370345509e-03
3.674046924271008076e-03
3.651312812067064942e-03
3.628630950104835828e-03
3.606304608596250499e-03
3.584027520855881908e-03
3.561798704936963971e-03
3.540222826212752714e-03
3.518389023926143423e-03
3.496901514017991975e-03
3.475757927221873392e-03
3.454955918363428712e-03
3.434192775186065052e-03
3.413467646073504481e-03
3.393079127656318042e-03
3.373024968069382543e-03
3.353302941420565047e-03
3.333612838039372826e-03
3.314548883199464578e-03
3.295216282896119842e-03
3.276208821012785172e-03
3.257524317129172238e-03
3.239456248159172831e-03
3.221410761750000389e-03
3.203387172424093047e-03
3.185679039172461136e-03
3.168284320539976450e-03
3.151201003910661901e-03
3.134427105570945608e-03
3.117960670748265006e-03
3.101507873257898593e-03
3.085651078100942399e-03
3.069805075537627471e-03
3.054259923567657822e-03
3.039042814851557368e-03
3.024151827471537567e-03
3.009440493808001812e-03
2.995051979810035066e-03
2.980869152522647430e-03
2.966890747401781329e-03
2.953230460997489145e-03
2.939829162679495882e-03
2.926656753227089777e-03
2.913769136315563085e-03
2.901136220888680950e-03
2.888785140458625684e-03
2.876714411313948880e-03
2.864894155348575357e-03
2.853351450574503120e-03
2.842056558959380440e-03
2.831036520651508334e-03
2.820233492120810363e-03
2.809702806945338967e-03
2.799443159053862512e-03
2.789453266908898093e-03
2.779703804087503300e-03
2.770193667839050342e-03
2.760949760923852095e-03
2.751942957908281619e-03
2.743172225294640901e-03
2.734692257654000504e-03
2.726418379175448835e-03
2.718377519566128522e-03
2.710596458775407867e-03
2.703046464965750111e-03
2.695698998868356795e-03
2.688636098024629970e-03
2.681801522277018658e-03
2.675166824225674780e-03
2.668758665929900006e-03
2.662576134727592195e-03
2.656618339448023856e-03
2.650829723360733671e-03
2.645318895351368368e-03
2.640002997283974386e-03
2.634854129211581814e-03
2.629953284750137076e-03
2.625218167765190104e-03
2.620783751572894858e-03
2.616459570501680851e-03
2.612353461122922382e-03
2.608410797528643629e-03
2.604685020077926114e-03
2.601148594641485966e-03
2.597747321879259001e-03
2.594534576161980008e-03
2.591483124619679054e-03
2.588592641186524684e-03
2.585889503453439597e-03
2.583346654286190584e-03
2.580963820631526628e-03
2.578714181333011286e-03
2.576650667632672011e-03
2.574666995970079607e-03
2.572895545328176669e-03
2.571230263435946104e-03
2.569697578969893422e-03
2.568323776363910186e-03
2.567029849095168927e-03
2.565894762377126694e-03
2.564865981596789468e-03
2.563943637289279893e-03
2.563154001786509522e-03
2.562471021564000345e-03
2.561868810697865307e-03
2.561399687875677653e-03
2.561011775173901821e-03
2.560705385171682669e-03
2.560480839172705244e-03
2.560364324818505295e-03
2.560330244310566987e-03
2.560327379703293375e-03
2.560433541074054898e-03
2.560623265954172466e-03
2.560845583708710668e-03
2.561177976464415820e-03
2.561518339309453839e-03
2.561944034057362860e-03
2.562378825399777311e-03
2.562899784565482453e-03
2.563430893995505885e-03
2.564049002752563037e-03
2.564703686761535869e-03
2.565370149825805818e-03
2.566023744894007762e-03
2.566715731939690510e-03
2.567370992517806465e-03
2.568116282563757610e-03
2.568801054280314949e-03
2.569526694558361708e-03
2.570168382456162505e-03
2.571102660585712022e-03
2.571779053835614517e-03
2.572448974556947477e-03
2.573362366991462005e-03
2.574021146789787478e-03
2.574675612320538251e-03
2.575326471781527217e-03
2.575974427454750821e-03
2.576620175465256860e-03
2.577264405553880526e-03
2.577907800863236346e-03
2.578551037736268210e-03
2.579194785526580779e-03
2.579839706419751258e-03
2.580241194042317849e-03
2.580645867356924899e-03
2.581054363756134749e-03
2.580978916945628632e-03
2.581397646199567845e-03
2.581335076063621253e-03
2.581280203326955566e-03
2.581233620586229592e-03
2.580953470889563867e-03
2.581167653305199965e-03
2.580907667703738560e-03
2.580417556198277753e-03
2.580181004973747076e-03
2.579716105171460643e-03
2.579264779620679161e-03
2.578587532480297075e-03
2.577925572774742574e-03
2.577279396785337687e-03
2.576410507209211595e-03
2.575320405779794614e-03
2.574248881202916527e-03
2.573196385767179736e-03
2.571925748476948034e-03
2.570675743442630504e-03
2.569209896275948240e-03
2.567529678295127349e-03
2.566109087394535197e-03
2.564239742647407387e-03
2.562159677813746587e-03
2.560576099901776259e-03
2.558312739237790859e-03
2.556311373208132714e-03
2.554102837179783765e-03
2.551688480973765463e-03
2.548836033086775577e-03
2.546247621564135845e-03
2.543456676235003686e-03
2.540697095201108029e-03
2.537504583327320797e-03
2.534345291869208837e-03
2.530987835363220171e-03
2.527664733275087131e-03
2.524145220759505068e-03
2.520661132128836947e-03
2.516751986131056384e-03
2.513109924604088087e-03
2.509045068501689676e-03
2.504788854083118011e-03
2.500800453871365476e-03
2.496392836289107464e-03
2.491796413659463135e-03
2.487240297858125688e-03
2.482496774251968363e-03
2.477566832649148038e-03
2.472905705764473407e-03
2.467832000769467054e-03
2.462574099166353440e-03
2.457359098004236343e-03
2.451735209597790538e-03
2.446155362405770528e-03
2.440394230129713272e-03
2.434677579981450127e-03
2.428780677820226771e-03
2.422704325601085073e-03
2.416449306475693549e-03
2.410240070135521648e-03
2.403629682911711130e-03
2.397289001907089000e-03
2.390325852489097978e-03
2.383632581122673531e-03
2.376763731872899577e-03
2.369719965532715578e-03
2.362723470426300945e-03
2.355331561314150546e-03
2.347987680588998084e-03
2.340691580816225623e-03
2.333222684972910237e-03
2.325581627855910233e-03
2.317549315713095335e-03
2.309785490048211175e-03
2.301850711851044506e-03
2.293745556155257510e-03
2.285689095002889706e-03
2.277462765271274364e-03
2.268849185851763098e-03
2.260502621265052595e-03
2.251769833391855779e-03
2.243303278709113391e-03
2.234451477896258736e-03
2.225648654316925937e-03
2.216894381603492798e-03
2.207540689496148133e-03
2.198667533472246048e-03
2.189626923339725497e-03
2.180419274463052826e-03
2.170830315415572028e-03
2.161504466337849702e-03
2.152012177344069573e-03
2.142567626989991779e-03
2.132956795833514194e-03
2.123393266148041435e-03
2.113663580252274181e-03
2.103789340653135914e-03
2.093983154083271531e-03
2.084053523784492983e-03
2.074148844912390970e-03
2.064120594825277159e-03
2.054032265271685601e-03
2.043883717388404134e-03
2.033738002394467215e-03
2.023468489258360443e-03
2.013180319265063436e-03
2.002852177157888464e-03
1.992504760287904658e-03
1.982095873574019670e-03
1.971646231099982109e-03
1.961176429398743364e-03
1.950665266135898340e-03
1.940112458639432118e-03
1.929559290070638261e-03
1.918963786212385652e-03
1.908346380242766094e-03
1.897706697293659968e-03
1.887044395675165857e-03
1.876379786326769824e-03
1.865691826577285835e-03
1.854980172465702740e-03
1.844265041751037837e-03
1.833546001795232500e-03
1.822822617181199360e-03
1.812073966346638325e-03
1.801361059759424210e-03
1.790601574847129054e-03
1.779856436807587946e-03
1.769104743340882630e-03
1.758386744414793717e-03
1.747722152450649708e-03
1.737008802989328197e-03
1.726327480461322577e-03
1.715657333942718519e-03
1.704997834590504975e-03
1.694388830786775976e-03
1.683769150848248063e-03
1.673158483803280534e-03
1.662596523071807565e-03
1.652042423007220664e-03
1.641515719790580512e-03
1.631035846982455172e-03
1.620582128987237093e-03
1.610153976062646307e-03
1.599770753533794748e-03
1.589431801106393335e-03
1.579116563733322376e-03
1.568864215155204526e-03
1.558634336867766252e-03
1.548466009339025508e-03
1.538338724617259630e-03
1.528251854082616048e-03
1.518244263975274339e-03
1.508295465789518492e-03
1.498306308603573715e-03
1.488433837279048121e-03
1.478618224632621434e-03
1.468858807164504258e-03
1.459135338194149844e-03
1.449486377855905466e-03
1.439911210940319130e-03
1.430370100679541345e-03
1.420901480814652871e-03
1.411524127501685147e-03
1.402198406652185132e-03
1.392962552856723052e-03
1.383757659321609677e-03
1.374660671255286369e-03
1.365612763937177829e-03
1.356651995761049521e-03
1.347739076210009799e-03
1.338931249462091411e-03
1.330189270311009971e-03
1.321531749200798760e-03
1.312977208266829674e-03
1.304486582093775191e-03
1.296021012466609191e-03
1.287637435200731468e-03
1.279354316325047444e-03
1.271170966206619773e-03
1.263086706139922646e-03
1.255062828260740523e-03
1.247098821273138342e-03
1.239232127373795589e-03
1.231481058362885687e-03
1.223807070602168142e-03
1.216228521813009222e-03
1.208707058647054064e-03
1.201279935215567290e-03
1.193984224381615432e-03
1.186743998488417468e-03
1.179596399815805450e-03
1.172540878997689866e-03
1.165576897381167621e-03
1.158722635248609408e-03
1.151921450577102083e-03
1.145210300502079621e-03
1.138625963640327570e-03
1.132093357884198870e-03
1.125686510940815789e-03
1.119330550147151120e-03
1.113099336472250225e-03
1.106955246265377410e-03
1.100916344004372691e-03
1.094945190889913631e-03
1.089059895800881684e-03
1.083296912360038732e-03
1.077600499392039179e-03
1.072007108664279869e-03
1.066479586182587230e-03
1.061072647299230853e-03
1.055767494310633431e-03
1.050527143193019175e-03
1.045387868288594506e-03
1.040331041569338491e-03
1.035374577966229276e-03
1.030499908198795507e-03
1.025688532041565829e-03
1.021012804507043193e-03
1.016399690758332773e-03
1.011885171889368319e-03
1.007450805023464352e-03
1.003096310265187002e-03
9.988214182460202796e-04
9.946619047276760057e-04
9.905813971250693011e-04
9.865616849602449386e-04
9.826564585793246247e-04
9.787936546638467249e-04
9.750448229786198200e-04
9.713738658364813811e-04
9.677627345849609429e-04
9.642469973724297457e-04
9.608086030362777670e-04
9.574118027709674567e-04
9.541454477856439525e-04
9.509381951417484853e-04
9.478077106671317512e-04
9.447361658400831507e-04
9.417588866394613996e-04
9.388580404034524906e-04
9.360158901643232231e-04
9.332324150609027334e-04
9.305252015869576020e-04
9.278941799111879067e-04
9.253392880614550722e-04
9.228078676525436602e-04
9.203876311898992251e-04
9.180259347610997354e-04
9.157577506436935869e-04
9.135131926926840949e-04
9.113447166542261099e-04
9.092349028996661413e-04
9.071664229344281963e-04
9.051914947340419966e-04
9.032580306436001696e-04
9.013661673362749526e-04
8.995506475374295385e-04
8.977769319318294272e-04
8.960451712382407541e-04
8.943727579346267848e-04
8.927425714152064642e-04
8.911891659126452980e-04
8.896782327250850548e-04
8.882099416616390112e-04
8.867844656652051254e-04
8.854019748817509167e-04
8.840797111810637637e-04
8.827836171598520262e-04
8.815309549105293909e-04
8.803389062942661289e-04
8.791735448937339952e-04
8.780180995783395470e-04
8.769407248617905890e-04
8.758906136003067862e-04
8.748510606574446194e-04
8.738730723402765100e-04
8.729060905952774896e-04
8.719841350986403013e-04
8.710736787681479026e-04
8.702086614956036550e-04
8.693724442834531094e-04
8.685484693469739574e-04
8.677705565212701696e-04
8.670053827518037865e-04
8.662532366040002693e-04
8.655478173678186503e-04
8.648559220592462156e-04
8.641611727090216808e-04
8.635138531370521037e-04
8.628476270577792101e-04
8.622293231019609316e-04
8.616259346168904766e-04
8.610046124285630070e-04
8.604153976971451890e-04
8.598419855223213802e-04
8.592846559000008513e-04
8.587107118470396977e-04
8.581699524844080664e-04
8.576296970629715237e-04
8.571067067971096121e-04
8.565848435935152164e-04
8.560480451425442035e-04
8.555458076894955624e-04
8.550129323017812864e-04
8.544825199038281549e-04
8.539712010857120192e-04
8.534629394922278647e-04
8.529417729650568339e-04
8.524080681462138523e-04
8.518946600683405474e-04
8.513693600030452103e-04
8.508163263968370827e-04
8.502845045415548903e-04
8.497418092426373051e-04
8.491885847091229858e-04
8.486090494272728818e-04
8.480519046047647414e-04
8.474691173846786918e-04
8.468771366003949525e-04
8.462762845870750155e-04
8.456508513706032307e-04
8.450332223929028384e-04
8.443916686122345883e-04
8.437425185575756501e-04
8.430701154905376150e-04
8.423748052643453398e-04
8.416887580180451925e-04
8.409645061949185896e-04
8.402183110274122650e-04
8.394504935894957134e-04
8.386930506096665783e-04
8.378987115198284139e-04
8.370678330344610060e-04
8.362323365968505565e-04
8.353924548390224709e-04
8.345169152801780281e-04
8.336375085265454454e-04
8.327230213146999535e-04
8.317737681018884692e-04
8.308057322756838819e-04
8.298191591462550712e-04
8.288142868298200780e-04
8.277757243433015886e-04
8.267349572047942444e-04
8.256298044970845429e-04
8.245229086425516669e-04
8.233833178232407212e-04
8.222268124016119230e-04
8.210380657830225384e-04
8.198173118577395304e-04
8.185802555178798168e-04
8.173116022377664193e-04
8.160115643018597473e-04
8.147111967375732537e-04
8.133489624346597249e-04
8.120021064209584534e-04
8.105937945380946828e-04
8.091703727952813049e-04
8.077166222781529325e-04
8.062327068645454547e-04
8.047187837696424513e-04
8.031902876517046062e-04
8.016167770862282684e-04
8.000136912892189282e-04
7.983811615761851827e-04
7.967193167961388956e-04
7.950434917763626310e-04
7.933385903849451276e-04
7.916047420010796165e-04
7.898420698949452099e-04
7.880658191004018829e-04
7.862458280411312997e-04
7.843822536763027549e-04
7.825204757199278422e-04
7.806153075860399913e-04
7.786819305966636738e-04
7.767204269526103684e-04
7.747458811440457180e-04
7.727583130767227667e-04
7.707128153561725557e-04
7.686544207060301429e-04
7.665681925738487097e-04
7.644541798784886466e-04
7.623273324420765064e-04
7.601578588089655860e-04
7.579755875728560717e-04
7.557804957281061926e-04
7.535280375693675925e-04
7.512776201133069057e-04
7.489995430818014019e-04
7.467086019027723140e-04
7.443604303633298341e-04
7.420141475351014733e-04
7.396401660283548687e-04
7.372531942552963072e-04
7.348531632288102895e-04
7.323959299408438909e-04
7.299402568372099142e-04
7.274860108080926551e-04
7.249891329912370487e-04
7.224788766220000642e-04
7.199551438108716186e-04
7.174178320894442551e-04
7.148522594696879017e-04
7.122583633671531085e-04
7.096651616523303591e-04
7.070579592018298113e-04
7.044076115888045497e-04
7.017720630673665713e-04
6.991221287781487813e-04
6.963998259340337289e-04
6.937352177088216849e-04
6.910269128124224038e-04
6.883036874231004574e-04
6.855797885282223893e-04
6.828550194359102451e-04
6.801292002617594524e-04
6.773734539639459642e-04
6.745876953672822396e-04
6.718004720573340438e-04
6.690259001135279420e-04
6.662208854081696618e-04
6.634138732596502053e-04
6.606046713903335936e-04
6.577930857616349309e-04
6.549504744570383910e-04
6.521193569293766206e-04
6.492852959436176902e-04
6.464339158957500527e-04
6.435933843387120360e-04
6.407493083814007383e-04
6.378873569568402390e-04
6.350214884392285609e-04
6.321233037228207166e-04
6.292631075125563892e-04
6.264124232744926234e-04
6.235428986083814320e-04
6.207245608146459313e-04
6.178588757344596590e-04
6.150018044874780475e-04
6.121391107336054873e-04
6.092985459403112754e-04
6.064379408125349005e-04
6.035850337681480157e-04
6.007395836103285574e-04
5.979013506063370065e-04
5.950561975564877190e-04
5.922317011344766782e-04
5.894137123281358243e-04
5.865881445045900179e-04
5.837686503212107534e-04
5.809688239889473438e-04
5.781745846728581807e-04
5.753719137694268551e-04
5.726019685444973728e-04
5.698369112451040020e-04
5.670765232057967380e-04
5.643205879815637108e-04
5.615826101452218132e-04
5.588897410028466697e-04
5.561595031227388637e-04
5.534601941121026700e-04
5.507642015109232101e-04
5.480849677391677784e-04
5.454222487165749471e-04
5.427349564887849970e-04
5.401181842367195436e-04
5.374764137568767983e-04
5.348638235498882291e-04
5.322665774719730070e-04
5.296979846252050260e-04
5.271307163351294546e-04
5.245781018535998182e-04
5.220534149959380832e-04
5.195294229542446723e-04
5.170463585068131671e-04
5.145770093343156586e-04
5.120942818762690097e-04
5.096651830984291797e-04
5.072357302447296802e-04
5.048459548724992894e-04
5.024420389928941711e-04
5.000773461190904500e-04
4.977382425079126876e-04
4.954111551751710701e-04
4.930958975121622814e-04
4.908189095291263463e-04
4.885533318014944519e-04
4.863122717889582845e-04
4.840955150443302431e-04
4.818895962067359386e-04
4.797075918866865879e-04
4.775360729795406268e-04
4.754013085709396036e-04
4.732898638725164912e-04
4.712015491526880349e-04
4.691230085618125012e-04
4.670804161864085041e-04
4.650604111410247044e-04
4.630628216244853318e-04
4.610743657655299622e-04
4.591080235903773825e-04
4.571898112019249041e-04
4.552672001265710530e-04
4.533793031084951825e-04
4.515259354491696071e-04
4.496808541223938963e-04
4.478569850190678879e-04
4.460672038966742537e-04
4.442853652179007819e-04
4.425373451977728813e-04
4.408229893209963295e-04
4.391162492973178983e-04
4.374429342307162966e-04
4.357770603688581180e-04
4.341443903740928290e-04
4.325447858385947017e-04
4.309523485871362240e-04
4.294185015162385187e-04
4.278530569607503641e-04
4.263331428319135996e-04
4.248457754859567294e-04
4.233780299674744360e-04
4.219170397346781189e-04
4.204883582226227922e-04
4.190918884027601738e-04
4.177147772274388405e-04
4.163697238699704591e-04
4.150311767924674974e-04
4.137245775302094992e-04
4.124244360515209483e-04
4.111688428994552617e-04
4.099196484993773704e-04
4.087022041158121883e-04
4.075037957458977006e-04
4.063117658458937210e-04
4.051640256232197585e-04
4.040226420252191505e-04
4.028876486747331163e-04
4.018094377117055731e-04
4.007250135205042653e-04
3.996470212315323105e-04
3.986257058108616871e-04
3.975982769037990274e-04
3.966023967869433306e-04
3.956380426233340841e-04
3.946801989623469867e-04
3.937414112584989591e-04
3.928217040005976303e-04
3.919211043596724240e-04
3.910396421398451301e-04
3.901649163624257462e-04
3.893218415258851441e-04
3.884980088535192424e-04
3.876810632917255021e-04
3.868958498475898720e-04
3.861052666161992014e-04
3.853465071984894861e-04
3.846072387661634965e-04
3.838628503317131966e-04
3.831504278168166569e-04
3.824330713144540733e-04
3.817600884800656990e-04
3.810823409884331629e-04
3.804245034583934935e-04
3.797866379024922886e-04
3.791565545166508721e-04
3.785465741107638159e-04
3.779445334000311875e-04
3.773505266807775874e-04
3.767646501783266234e-04
3.762479050153414947e-04
3.756541866357985095e-04
3.751175710861255532e-04
3.745772962552830704e-04
3.740577665804836749e-04
3.735469333233667165e-04
3.730449050936688509e-04
3.725517920394234048e-04
3.720797874306324576e-04
3.716048287156924657e-04
3.711511813066103614e-04
3.706827895325004126e-04
3.702479741134930284e-04
3.697986979861818857e-04
3.693711779345858052e-04
3.689415051273041510e-04
3.685218205956794241e-04
3.681242174567347491e-04
3.677129024305855732e-04
3.673119657949928019e-04
3.669215304790191977e-04
3.665297963496381831e-04
3.661488343990108819e-04
3.657787682053913149e-04
3.653959467221354947e-04
3.650243160748415185e-04
3.646639994858301339e-04
3.643032684718848719e-04
3.639541208420297340e-04
3.635930234477230383e-04
3.632319847057349132e-04
3.628829645851471886e-04
3.625342908556280163e-04
3.621978979053780629e-04
3.618385987333589673e-04
3.614801291332463747e-04
3.611343844238774849e-04
3.607897457221871575e-04
3.604580820495091381e-04
3.601043764521388640e-04
3.597522393926770351e-04
3.594134998745390558e-04
3.590649156331201359e-04
3.587066612459709875e-04
3.583622110372700520e-04
3.580083862978309002e-04
3.576569822998321114e-04
3.573081297237869713e-04
3.569387481850460394e-04
3.565838124832595968e-04
3.562086681260626152e-04
3.558482161808107459e-04
3.554794253943003679e-04
3.550909012588219843e-04
3.547174344229093741e-04
3.543360559456697721e-04
3.539353987892974746e-04
3.535501435014773582e-04
3.531573830237041099e-04
3.527687340428966103e-04
3.523498978649135054e-04
3.519354429466917469e-04
3.515140223578488445e-04
3.510971978982141222e-04
3.506736406719783276e-04
3.502320646738559689e-04
3.497840245731176942e-04
3.493410275269789888e-04
3.488690274403804495e-04
3.484136673958529917e-04
3.479522842990933327e-04
3.474623024001306944e-04
3.469892230141691106e-04
3.464878021790406730e-04
3.459808282503664756e-04
3.454796997141856168e-04
3.449619067721744026e-04
3.444501302178756504e-04
3.439106348292013111e-04
3.433660852889295159e-04
3.428278123818066575e-04
3.422509410886793134e-04
3.416917575905474027e-04
3.411278565085492948e-04
3.405369179277590924e-04
3.399526464945028703e-04
3.393415510363199830e-04
3.387484310878400022e-04
3.381286679255311126e-04
3.375158240919608871e-04
3.368765287476371503e-04
3.362331510490338673e-04
3.355857471984447253e-04
3.349232698503269170e-04
3.342347133491681320e-04
3.335645128959825820e-04
3.328683824440569448e-04
3.321685510465318997e-04
3.314540181301339652e-04
3.307358953030943268e-04
3.300142228683227027e-04
3.292780235143758991e-04
3.285383676292616861e-04
3.277842932607359715e-04
3.270268433368408545e-04
3.262550711825489089e-04
3.254799923197618889e-04
3.246797245765284151e-04
3.238762280631756721e-04
3.230804455194643686e-04
3.222595986095506872e-04
3.214246664203445313e-04
3.205974806378231548e-04
3.197453490600540502e-04
3.188900869660595211e-04
3.180316899807714430e-04
3.171592950561379597e-04
3.162837690092569834e-04
3.153942641370829567e-04
3.144907962815324167e-04
3.135950067258964327e-04
3.126852360541761979e-04
3.117399054784972538e-04
3.108237800361949264e-04
3.098828751298886254e-04
3.089387464882458671e-04
3.079913608701449366e-04
3.070191995530253178e-04
3.060652116854828408e-04
3.050864114632720228e-04
3.041042398425217934e-04
3.031079520438301070e-04
3.021189129490387784e-04
3.011050035051312688e-04
3.001089140071235613e-04
2.990878927097631720e-04
2.980525962938955389e-04
2.970242781243098858e-04
2.959922212475789272e-04
2.949457477186187538e-04
2.938954362092571554e-04
2.928412246046627871e-04
2.917830493167047402e-04
2.907208453332284464e-04
2.896439793859151594e-04
2.885629804643155506e-04
2.874777892149476383e-04
2.863988834004813923e-04
2.852945859755074928e-04
2.841964490614667374e-04
2.830938700529699319e-04
2.819762851765064042e-04
2.808751233690272167e-04
2.797588218457314028e-04
2.786378106043011665e-04
2.775120202251642578e-04
2.763813803522005498e-04
2.752562586775624247e-04
2.741156953009647127e-04
2.729909045503825407e-04
2.718505254370968483e-04
2.707049125371123639e-04
2.695643803557020899e-04
2.684080636158474894e-04
2.672566554194108599e-04
2.660996887578486077e-04
2.649474364177075510e-04
2.637997907252673268e-04
2.626359811751341369e-04
2.614869218870578588e-04
2.603215394048171349e-04
2.591706887222067885e-04
2.580033538197108105e-04
2.568400481289436345e-04
2.556806612982142051e-04
2.545250827679764664e-04
2.533629479613553866e-04
2.522044190876762508e-04
2.510391505194031953e-04
2.498772850531806242e-04
2.487187116419334104e-04
2.475531133334032833e-04
2.464008006851134522e-04
2.452412605443257437e-04
2.440947656566969906e-04
2.429306735231233751e-04
2.417692478345823332e-04
2.406103788366069840e-04
2.394640966375525843e-04
2.383100039364768094e-04
2.371581412388693770e-04
2.360286230141447471e-04
2.348909802446264049e-04
2.337451345523578546e-04
2.326111747039967385e-04
2.314788964571128560e-04
2.303481986571103584e-04
2.292189809808030181e-04
2.281011895916025664e-04
2.269846617345273160e-04
2.258692999012423916e-04
2.247650253023915096e-04
2.236516978227294549e-04
2.225492492867253225e-04
2.214475688399945537e-04
2.203565451904712484e-04
2.192660884614899212e-04
2.181761091968730535e-04
2.170964722743051224e-04
2.160270632943101789e-04
2.149478999217895676e-04
2.138787766616467531e-04
2.128294997984067811e-04
2.117801188728641432e-04
2.107206561431121622e-04
2.096807278273468786e-04
2.086503227726298887e-04
2.076194678509721075e-04
2.065880896055175399e-04
2.055659688438293017e-04
2.045726954175263314e-04
2.035687809186148480e-04
2.025640110797671703e-04
2.015681371509916054e-04
2.005810684568424043e-04
1.996027160525040516e-04
1.986232031132874321e-04
1.976522517281427090e-04
1.966897781660010376e-04
1.957357004631470076e-04
1.947996922821671958e-04
1.938524136611809656e-04
1.929230495354325686e-04
1.920114983809644970e-04
1.910885057125289116e-04
1.901831817675416023e-04
1.892760294164629942e-04
1.883863910273211677e-04
1.874948085058062949e-04
1.866205925045869777e-04
1.857539891649486895e-04
1.848852816917979285e-04
1.840240856608300174e-04
1.831799833445703514e-04
1.823432626941909297e-04
1.815042455123221175e-04
1.806917404914712498e-04
1.798672255004180390e-04
1.790690820536182837e-04
1.782684480940824366e-04
1.774748794211315674e-04
1.766978989413656739e-04
1.759183150456903601e-04
1.751552149735278020e-04
1.743989887783262583e-04
1.736495976148434662e-04
1.729070044964953559e-04
1.721711742922242235e-04
1.714420737226455584e-04
1.707196713554351149e-04
1.700134293218427792e-04
1.693043278678258562e-04
1.686207906020506183e-04
1.679343439516773424e-04
1.672449912517682082e-04
1.665810847575987087e-04
1.659236736522705260e-04
1.652633090022517846e-04
1.646094247481600878e-04
1.639714226630629480e-04
1.633398590719691902e-04
1.627147241025539057e-04
1.621053994105636038e-04
1.614930904614571392e-04
1.608965636991214782e-04
1.602970615848386829e-04
1.597133202245210742e-04
1.591453145986402380e-04
1.585836818630554485e-04
1.580284253466275200e-04
1.574702271310959357e-04
1.569184330712171296e-04
1.563823571916376717e-04
1.558340903892368795e-04
1.553015619263532093e-04
1.547940404269992681e-04
1.543114899023989692e-04
1.538075521979126122e-04
1.533100875338088765e-04
1.528191136537042610e-04
1.523438896249900906e-04
1.518659475204919959e-04
1.513945571685215328e-04
1.509389567793281120e-04
1.504807304457308201e-04
1.500291222923545568e-04
1.495933439650621102e-04
1.491642101905747946e-04
1.487325694438268887e-04
1.483168031903464882e-04
1.478985955891951086e-04
1.474871474689892423e-04
1.470916282227761190e-04
1.466937737497089845e-04
1.463027635036433206e-04
1.459186276511557749e-04
1.455413972777587397e-04
1.451620025559734216e-04
1.447805004338022596e-04
1.444151201400914030e-04
1.440658720837634092e-04
1.437146280555516846e-04
1.433614480958028388e-04
1.430154466873788160e-04
1.426857070843302216e-04
1.423541678811934027e-04
1.420208917616665710e-04
1.417039858777213062e-04
1.413764243935027856e-04
1.410743198492442427e-04
1.407706713174413835e-04
1.404565538742724674e-04
1.401590042236148636e-04
1.398600922027367168e-04
1.395688510814988579e-04
1.392763654093474737e-04
1.389827024534996431e-04
1.387058160292314727e-04
1.384278563418860140e-04
1.381310364387854973e-04
1.378422304511613811e-04
1.375882190051540841e-04
1.373155524217218064e-04
1.370510350085254970e-04
1.368036006670640865e-04
1.365732715215998224e-04
1.363157043484245000e-04
1.360664988262918855e-04
1.358257002616480467e-04
1.355668041254642366e-04
1.353341359517645239e-04
1.351011908991915753e-04
1.348592099435786393e-04
1.346347411646910748e-04
1.343837476933777697e-04
1.341503818035575822e-04
1.339346607488077414e-04
1.337014471846695968e-04
1.334771921471497092e-04
1.332531613652395905e-04
1.330031190706599891e-04
1.327885016278051338e-04
1.325917772457525865e-04
1.323779884025068777e-04
1.321559752891411524e-04
1.319432750385569864e-04
1.317224823994418410e-04
1.315111030087240905e-04
1.313004657426201363e-04
1.310819288997097426e-04
1.308729508650059313e-04
1.306648809808989983e-04
1.304490978419278757e-04
1.302430125960973351e-04
1.300466551520687260e-04
1.298340960372804272e-04
1.296140761359769271e-04
1.294125816515416289e-04
1.292037253430092236e-04
1.289962008759200200e-04
1.287900556316353849e-04
1.286025528286043594e-04
1.283992899574441923e-04
1.281889497147718857e-04
1.279715981118683538e-04
1.277644579084937751e-04
1.275589776114212056e-04
1.273295059374049268e-04
1.271189332589399749e-04
1.269101559063354927e-04
1.266946700919234134e-04
1.264810700764018591e-04
1.262608647722842183e-04
1.260426318912248752e-04
1.258434320569949119e-04
1.256207264873049725e-04
1.254001087031967113e-04
1.251816103448115088e-04
1.249652620681244650e-04
1.247510935365052950e-04
1.245391334120169293e-04
1.243124846406886493e-04
1.241050376704115545e-04
1.238660871442234064e-04
1.236295072794932239e-04
1.234037568354066396e-04
1.231719858925223957e-04
1.229510778746148198e-04
1.227157972326297860e-04
1.224830180000660096e-04
1.222443623725273881e-04
1.220082614003208782e-04
1.217663492456683816e-04
1.215270404098396358e-04
1.212903503892345531e-04
1.210479311762111931e-04
1.207998171868141006e-04
1.205543898352610482e-04
1.203116599275201490e-04
1.200549688745840906e-04
1.198093485767010908e-04
1.195581450776465611e-04
1.193013854988213024e-04
1.190390957214593605e-04
1.187878983953141688e-04
1.185311909340131144e-04
1.182607105291225814e-04
1.180013332345574719e-04
1.177282237275696007e-04
1.174662137979405634e-04
1.171905075405786780e-04
1.169258926136581954e-04
1.166476124561867552e-04
1.163804107368316250e-04
1.161077996305863327e-04
1.158297906022381685e-04
1.155463939644340139e-04
1.152658276536583110e-04
1.149798772020337332e-04
1.146967445941433829e-04
1.144082269854623877e-04
1.141143292249570146e-04
1.138232295570173000e-04
1.135349102417536490e-04
1.132330310303122629e-04
1.129339211276558243e-04
1.126457070827340825e-04
1.123357856358971323e-04
1.120367297931490719e-04
1.117322424209436912e-04
1.114304397780820018e-04
1.111150705548611707e-04
1.108185754517901638e-04
1.105084886796855911e-04
1.101929171444651146e-04
1.098880288327246216e-04
1.095695403524500887e-04
1.092536121564322807e-04
1.089321520530526913e-04
1.086212720814805170e-04
1.082967667130116369e-04
1.079747399735688494e-04
1.076471238566484832e-04
1.073299743427409312e-04
1.070071896071438019e-04
1.066707398515370027e-04
1.063446719632489838e-04
1.060129223557731125e-04
1.056834782279132950e-04
1.053563069414732272e-04
1.050233891690176231e-04
1.046926906601857468e-04
1.043562042775406448e-04
1.040218815505506691e-04
1.036817275337731338e-04
1.033516328535511461e-04
1.030077016919521811e-04
1.026658171555001740e-04
1.023338758585415478e-04
1.019880396280872971e-04
1.016441508807894751e-04
1.013100853484937794e-04
1.009620623568390255e-04
1.006237848338853154e-04
1.002715103533815064e-04
9.993678999033455551e-05
9.958013704206598730e-05
9.924094440498745936e-05
9.889552659240917140e-05
9.855172383766223866e-05
9.820949454685924207e-05
9.786094760221608385e-05
9.751390291885490412e-05
9.717615439503876575e-05
9.682415022315777253e-05
9.648135655547637399e-05
9.613207674420548023e-05
9.578409737787857740e-05
9.543737493546586791e-05
9.509186575665596935e-05
9.474752606644624314e-05
9.439652675995443090e-05
9.405440074667899622e-05
9.370553992203116812e-05
9.335768580797591375e-05
9.300303594110513063e-05
9.266482764215628535e-05
9.231973910803917076e-05
9.197548810220997604e-05
9.163203265379398171e-05
9.128933095331355485e-05
9.093961934603495250e-05
9.060602254238053906e-05
9.026533328486924343e-05
8.991752951390448456e-05
8.958568033938778957e-05
8.924663585508634954e-05
8.890805941445848414e-05
8.857758978169573308e-05
8.823982515682614791e-05
8.790241138087504338e-05
8.756531026910698945e-05
8.722848411452147315e-05
8.689189570773539104e-05
8.656314937007502915e-05
8.623455556774556395e-05
8.590607871188182083e-05
8.557768377639334619e-05
8.524933631050767794e-05
8.492861264143257709e-05
8.460025297500904694e-05
8.427943890232310635e-05
8.395093641200068258e-05
8.363748944882992112e-05
8.330871229759911401e-05
8.299490523284788084e-05
8.267330003479529362e-05
8.235674020790489404e-05
8.204594018266689976e-05
8.173557332613282805e-05
8.142410216405884089e-05
8.111753165936645043e-05
8.080904544149529825e-05
8.050388933508198866e-05
8.020052589065113319e-05
7.989667181447634580e-05
7.959680773693422490e-05
7.929864973853695178e-05
7.900142065707512970e-05
7.870584405653133285e-05
7.841264166784286385e-05
7.812029036176709154e-05
7.783175482532277785e-05
7.754327241059230614e-05
7.725780580544557214e-05
7.697309122001696937e-05
7.669059590922696506e-05
7.641029471540134333e-05
7.613290653301321611e-05
7.585617678776266542e-05
7.558082784281828104e-05
7.530906369147176774e-05
7.503863497006552281e-05
